0.000000
2.000000
250.000000
5.973464
4.000000
247.796610
10.885916
6.000000
245.593220
14.104553
8.000000
243.389831
15.329455
10.000000
241.186441
14.628339
12.000000
238.983051
12.389591
14.000000
236.779661
9.208714
16.000000
234.576271
5.739203
18.000000
232.372881
2.546358
20.000000
230.169492
0.000000
22.000000
227.966102
-1.769753
24.000000
225.762712
-2.847293
26.000000
223.559322
-3.449469
28.000000
221.355932
-3.814314
30.000000
219.152542
-4.095297
32.000000
216.949153
-4.293322
34.000000
214.745763
-4.247174
36.000000
212.542373
-3.685873
38.000000
210.338983
-2.328150
40.000000
208.135593
-0.000000
42.000000
205.932203
3.264998
44.000000
203.728814
7.174497
46.000000
201.525424
11.194774
48.000000
199.322034
14.638011
50.000000
197.118644
16.801714
52.000000
194.915254
17.127630
54.000000
192.711864
15.340808
56.000000
190.508475
11.532983
58.000000
188.305085
6.167237
60.000000
186.101695
0.000000
62.000000
183.898305
-6.063248
64.000000
181.694915
-11.145750
66.000000
179.491525
-14.569632
68.000000
177.288136
-15.979380
70.000000
175.084746
-15.391315
72.000000
172.881356
-13.160246
74.000000
170.677966
-9.874848
76.000000
168.474576
-6.210394
78.000000
166.271186
-2.776881
80.000000
164.067797
-0.000000
82.000000
161.864407
1.937778
84.000000
159.661017
3.085752
86.000000
157.457627
3.652117
88.000000
155.254237
3.894859
90.000000
153.050847
4.010607
92.000000
150.847458
4.055094
94.000000
148.644068
3.918962
96.000000
146.440678
3.366271
98.000000
144.237288
2.124571
100.000000
142.033898
0.000000
102.000000
139.830508
-3.017277
104.000000
137.627119
-6.690522
106.000000
135.423729
-10.539216
108.000000
133.220339
-13.912377
110.000000
131.016949
-16.118342
112.000000
128.813559
-16.580897
114.000000
126.610169
-14.983178
116.000000
124.406780
-11.362204
118.000000
122.203390
-6.128068
120.000000
120.000000
0.000000
122.000000
120.000000
0.000000
122.000000
120.000000
0.000000
122.000000
120.000000
0.000000
122.000000
120.000000
0.000000
122.000000
120.000000
0.000000
122.000000
120.000000
0.000000
122.000000
120.000000
0.000000
122.000000
120.000000
0.000000
122.000000
120.000000
0.000000
122.000000
120.000000
0.000000
122.000000
120.000000
0.000000
122.000000
120.000000
0.000000
122.000000
120.000000
0.000000
122.000000
120.000000
0.000000
122.000000
120.000000
0.000000
122.000000
120.000000
0.000000
122.000000
120.000000
0.000000
122.000000
120.000000
0.000000
122.000000
120.000000
0.000000
122.000000
120.000000
0.000000
122.000000
120.000000
0.000000
122.000000
120.000000
0.000000
122.000000
120.000000
0.000000
122.000000
120.000000
0.000000
122.000000
120.000000
0.000000
122.000000
120.000000
0.000000
122.000000
120.000000
0.000000
122.000000
120.000000
0.000000
122.000000
120.000000
-0.000000
122.000000
120.000000
-2.065081
124.000000
118.651685
-3.801366
126.000000
117.303371
-5.159932
128.000000
115.955056
-6.126458
130.000000
114.606742
-6.720044
132.000000
113.258427
-6.988679
134.000000
111.910112
-7.001877
136.000000
110.561798
-6.841318
138.000000
109.213483
-6.590496
140.000000
107.865169
-6.324530
142.000000
106.516854
-6.101211
144.000000
105.168539
-5.954268
146.000000
103.820225
-5.889564
148.000000
102.471910
-5.884639
150.000000
101.123596
-5.891628
152.000000
99.775281
-5.843258
154.000000
98.426966
-5.661247
156.000000
97.078652
-5.266225
158.000000
95.730337
-4.588066
160.000000
94.382022
-3.575534
162.000000
93.033708
-2.204151
164.000000
91.685393
-0.481445
166.000000
90.337079
1.551066
168.000000
88.988764
3.819391
170.000000
87.640449
6.221986
172.000000
86.292135
8.637633
174.000000
84.943820
10.935480
176.000000
83.595506
12.986257
178.000000
82.247191
14.673527
180.000000
80.898876
15.903845
182.000000
79.550562
16.614783
184.000000
78.202247
16.780026
186.000000
76.853933
16.411022
188.000000
75.505618
15.555043
190.000000
74.157303
14.289863
192.000000
72.808989
12.715642
194.000000
71.460674
10.944846
196.000000
70.112360
9.091270
198.000000
68.764045
7.259309
200.000000
67.415730
5.534558
202.000000
66.067416
3.976728
204.000000
64.719101
2.615571
206.000000
63.370787
1.450195
208.000000
62.022472
0.451814
210.000000
60.674157
-0.430440
212.000000
59.325843
-1.261278
214.000000
57.977528
-2.109536
216.000000
56.629213
-3.038052
218.000000
55.280899
-4.094253
220.000000
53.932584
-5.302513
222.000000
52.584270
-6.659127
224.000000
51.235955
-8.130484
226.000000
49.887640
-9.654678
228.000000
48.539326
-11.146419
230.000000
47.191011
-12.504761
232.000000
45.842697
-13.622860
234.000000
44.494382
-14.398746
236.000000
43.146067
-14.745991
238.000000
41.797753
-14.603140
240.000000
40.449438
-13.940913
242.000000
39.101124
-12.766403
244.000000
37.752809
-11.123803
246.000000
36.404494
-9.091553
248.000000
35.056180
-6.776180
250.000000
33.707865
-4.303430
252.000000
32.359551
-1.807583
254.000000
31.011236
0.579982
256.000000
29.662921
2.741809
258.000000
28.314607
4.583884
260.000000
26.966292
6.042689
262.000000
25.617978
7.089125
264.000000
24.269663
7.728931
266.000000
22.921348
7.999606
268.000000
21.573034
7.964227
270.000000
20.224719
7.702835
272.000000
18.876404
7.302351
274.000000
17.528090
6.846115
276.000000
16.179775
6.404169
278.000000
14.831461
6.025339
280.000000
13.483146
5.731948
282.000000
12.134831
5.517727
284.000000
10.786517
5.349137
286.000000
9.438202
5.169955
288.000000
8.089888
4.908610
290.000000
6.741573
4.487476
292.000000
5.393258
3.833105
294.000000
4.044944
2.886285
296.000000
2.696629
1.610810
298.000000
1.348315
0.000000
300.000000
0.000000
0.000000
302.000000
0.000000
0.000000
302.000000
0.000000
0.000000
302.000000
0.000000
0.000000
302.000000
0.000000
0.000000
302.000000
0.000000
0.000000
302.000000
0.000000
0.000000
302.000000
0.000000
0.000000
302.000000
0.000000
0.000000
302.000000
0.000000
0.000000
302.000000
0.000000
0.000000
302.000000
0.000000
0.000000
302.000000
0.000000
0.000000
302.000000
0.000000
0.000000
302.000000
0.000000
0.000000
302.000000
0.000000
0.000000
302.000000
0.000000
0.000000
302.000000
0.000000
0.000000
302.000000
0.000000
0.000000
302.000000
0.000000
0.000000
302.000000
0.000000
0.000000
302.000000
0.000000
0.000000
302.000000
0.000000
0.000000
302.000000
0.000000
0.000000
302.000000
0.000000
0.000000
302.000000
0.000000
0.000000
302.000000
0.000000
0.000000
302.000000
0.000000
0.000000
302.000000
0.000000
0.000000
302.000000
0.000000
0.000000
302.000000
0.000000
0.000000
302.000000
0.000000
0.000000
302.000000
0.000000
0.000000
302.000000
0.000000
0.000000
302.000000
0.000000
0.000000
302.000000
0.000000
0.000000
302.000000
0.000000
0.000000
302.000000
0.000000
0.000000
302.000000
0.000000
0.000000
302.000000
0.000000
0.000000
302.000000
0.000000
0.000000
302.000000
0.000000
0.000000
302.000000
0.000000
0.000000
302.000000
0.000000
0.000000
302.000000
0.000000
0.000000
302.000000
0.000000
0.000000
302.000000
0.000000
0.000000
302.000000
0.000000
0.000000
302.000000
0.000000
0.000000
302.000000
0.000000
0.000000
302.000000
0.000000
0.000000
302.000000
0.000000
0.000000
302.000000
0.000000
0.000000
302.000000
0.000000
0.000000
302.000000
0.000000
0.000000
302.000000
0.000000
0.000000
302.000000
0.000000
0.000000
302.000000
0.000000
0.000000
302.000000
0.000000
0.000000
302.000000
0.000000
0.000000
302.000000
0.000000
0.000000
302.000000
0.000000
