610.77936498681913235487
1722.99719117846211702272
276.95723316056864860002
1299.94916186171758454293
7186.09281221998389810324
-20209.82420110486054909416
11136.12307885944392182864
1177.73685940227051105467
415.52057936354697176284
-356.58610044537726935232
-434.39579213496335796663
-37.47790072969655739143
264.49674232681536523160
0.00000000000000000000
0.00000000000000000000
0.00000000000000000000
0.00000000000000000000
0.00000000000000000000
0.00000000000000000000
0.00000000000000000000
0.00000000000000000000
0.00000000000000000000
0.00000000000000000000
0.00000000000000000000
0.00000000000000000000
0.00000000000000000000
0.29722783011056719271
0.44598183635380239664
2.79074625430192435616
0.46328412285079934030
686.07672096589340071660
1688.82681830240244380548
603.84176673862521056435
-4368.34853416822261351626
4581.57923722455780080054
-7913.23275570089754182845
12596.87466468589627766050
-680.93444439093877917912
199.49035888914511360781
-336.38496131923579923750
874.57997920873253860918
297.66387848310625940940
1657.99981466913368421956
11.68194024727468871561
14.31384228996194707406
3.16690644247735608729
-1.32758692073006301371
-0.74675892512998531814
2.74204476138066555180
0.71192291097159232649
-40.83370985903651018134
18.15115188864925954704
3.64985028541890565990
15.41209016614995874761
11.95836462369501518310
1.04920525309181300599
-3.76047297510383815577
-15.23920000831112808726
-8.34473070710781961168
-4.03031930103404523180
-56.74519548177022443269
603.51679192542724194936
738.81223520637740875827
1459.74203456496979924850
-2059.59932757855403906433
-2132.17424980466785200406
1522.86759161208283330780
-805.98597167565185372951
22.75461865474244405050
-118.63219791275014358689
-797.49564718560179699125
-218.64323743377309483549
-188.95631905925250748624
2.35982839670978705726
14.43246541996550114106
14.56877631652730364920
-1.88092282595347226604
-1.63891773827905895544
0.30971912406358115266
-2.41432797605549565034
-3.84654177378320216718
-2.00909454342788329484
-26.12600552929794162083
-220.55285927614903584981
-98.49977538321732595250
-2.96724341550570436254
2.11754304485605215902
3.96855906316586892757
0.39626712863329149883
-0.02245908628684190403
-118.47076913556884392165
-534.34430887095686557586
15.65895422767380296136
370.67842888475411200488
-1289.02366410505692329025
1676.98860741128873996786
-2049.92847011963021941483
32.79296453017866497248
-58.77834473241284740652
154.82011588972818572074
7.68838797793091544008
24.44644753127485614641
-107.78272163724892607206
1.19764500759843883770
-7.37023482398770202195
3.14217102630854583367
-1.25019653918122064518
-2.19269553093949198797
-0.05491669003346266731
-4.83968362811252461597
-36.79382399734497965937
-20.64084788636152723029
17.65361863065158587460
7.58023861707177815106
0.76066490108072315479
-0.75017845560227591761
-1.11638974077444452782
-2.57539564264963782847
-2.60382698485042896053
-2.55056001514688013287
-97.07975760906833784247
-13.32614193216045350709
101.66922374701942999309
624.20543716526526623056
-2.51948148638848579139
525.03429459693006720045
-61.63039495739599260560
156.51126903259608980079
49.99321574039259274969
-58.02568852269212129613
0.94656143539276627052
-18.02406756928428421816
-56.42256237432765431095
-0.34077736807113556683
-2.76073977700501682619
6.20264257962522869150
1.02785556972400060616
-3.53752509422662875238
1.10712233074200261385
-4.82554108605393761167
13.16854121644710851058
10.78701126576696367465
-2.84637588041949385342
-3.04079010006973504687
-15.25203937152933519883
-17.47949104754800586647
-6.96169108005551517948
-6.94305403510135477063
-4.02900654548525860577
-3.69002410507654676763
49.00012277396746185332
137.26516821072735297093
-13.59077622380942784730
0.90728331812444662496
2.93500092144815472039
-7.43916662682649487692
-12.15764892468281921367
34.22383420004710785634
-17.41336301317301149538
-14.56496611614289093950
18.24781474756755983435
-14.04183105071033565991
-46.27008825192127261516
2.29919554116282487399
1.35880042366473774429
4.11866305195000403927
0.80213846942342903468
3.84956949114999558148
-8.25763079849372694241
-12.54748395236800462271
10.76180371690476178514
-5.79707593025379797069
-4.80389059390348904799
5.16856218123715649426
-5.35319903298951871307
-15.44898177558056850955
