-9.93449654398495596297E+00
-6.38147758094614836466E+00
-7.80229531005874665794E+00
-3.42530673136774410636E+00
-4.96779501513691990056E+00
-3.96087952854472291619E+00
-8.31482444127361475239E+00
-3.86308463297909243650E+00
-9.25473597050230090133E+00
-3.91685115247516701942E+00
-6.00979576009270388681E+00
-3.10981031563516863159E+00
-2.62826349902270184344E+00
2.98007924464886457372E+02
2.30441668906615149126E+02
2.64208005968457371182E+02
2.20204910095065855558E+02
2.37231832934160593140E+02
2.29111223010833924718E+02
2.39464951632639099444E+02
2.30936280755528258624E+02
2.74822376474273141866E+02
2.18771239741466331452E+02
2.41515238986013940803E+02
2.09759009376655626511E+02
2.11242849832631634399E+02
3.17201690320187140060E+02
2.49357853445344119336E+02
2.82729018255878145283E+02
2.31022925094816798719E+02
2.09353161610768339074E+01
3.37772210061205555576E+01
1.16446359209452651839E+02
1.05047034135808829092E+02
9.69513030357964993300E+01
9.99596369347331261679E+01
8.95749250225558313332E+01
9.77105953462913134899E+01
7.04121390628572783044E+01
1.00728049973155989960E+02
9.49744976345398015383E+01
9.45500267521709929497E+01
1.03637713256122509620E+02
1.03260471070096784274E+02
9.14902143158358143182E+01
5.68617104427200885652E+01
6.13462066847020039972E+01
3.34025673462073271480E+01
3.25709859854698393633E+01
5.47449176773320473899E+01
9.90782830676559598260E+01
9.31311581333482507716E+01
4.41347279461181045690E+01
5.96513538670683516330E+01
7.30242385163135168114E+01
8.31983383915525820385E+01
3.33232426154117717942E+01
5.82322820158641292210E+01
