-9.51365309785790813635E+00
-6.74840056043256897311E+00
-5.20038173964665428883E+00
-1.71475438290291326560E+00
-3.08429444467205327030E-01
-3.56343901727698142423E-01
-8.85088610503265726948E+00
-2.32346977276654520495E+00
-4.84465936160793919640E-01
-1.52422275260630013527E+00
-3.58615750545546063677E+00
-7.36572657451753265434E+00
-8.26093150768221207159E+00
2.08550234583074001193E+02
2.04601492826885049681E+02
1.97003624168281135098E+02
1.55404543615990803573E+02
1.26228558164128415342E+02
1.59870300860308333313E+02
2.13767172753066688529E+02
1.72884677493973214268E+02
1.45178891905444174881E+02
1.40404296673580660126E+02
1.58805100718975381824E+02
2.05382215311966120908E+02
1.99453199059445978492E+02
2.30469685616376580128E+02
2.12519130987140300704E+02
1.31129988031300541707E+02
1.66413543833093456215E+02
8.25248745348382755083E+01
7.68988165026665626556E+01
6.26405714444882164571E+01
7.65013050370527594168E+01
7.52331063233728940531E+01
6.63458725636844235396E+01
7.12480064938710881961E+01
8.57733722000203897551E+01
8.11951169432682604565E+01
8.69569274724418477263E+01
5.96895725053443442221E+01
7.55672731813998410644E+01
6.54548758151883021128E+01
1.15846157324169041658E+02
1.68480614545057505893E+02
1.73028817332795540551E+02
1.31695473758176177626E+02
1.86899083194082265891E+02
1.41244695233433958492E+02
1.02613927023989575105E+02
1.20099633298735327003E+02
1.34643034092929724466E+02
1.40953602017918370848E+02
1.66769632456442877810E+02
1.55267436687064162015E+02
1.05922871084467317360E+02
