0.27068335612460847628
0.55741560750106811106
0.86800374625078036139
0.88605971552464046770
0.58655492087579730320
0.76960008558502612797
0.68814075102153737795
0.43474453775354326979
0.74112631209982371416
0.14146162836825437736
0.66712197110600679473
0.60683629322013221685
0.26039330089104872901
0.72984032095913153881
0.36894274817100625175
0.59759479995329878310
0.49875543076585548974
0.26775069161426312547
0.90078439289210421315
0.87053671059093340467
0.76497652817703865047
0.89585115687687222330
0.96032760018319562878
0.27337334875759156105
0.74869999874115567007
0.63351777395858344111
0.44957310821337881368
0.30203684899231386662
0.39230722231665049460
0.23589217733407896738
0.45681631212558670985
0.04239682779155640180
0.81041972402868123204
0.51350439110418255595
0.97717836961753679059
0.55142697290981068647
0.46080950990175373327
0.68500596426014792595
0.36686816629488527841
0.34876110509159152784
0.41752265005972322154
0.57352913585213094461
0.80712696287738183720
0.75913291505436575335
0.00483884094900599582
0.47726018656102520143
0.46923644838327838169
0.90404602795930055770
0.29155184027701885885
0.56147700433097325057
0.97616718736842789106
0.90594148726410239636
0.69828911620831946028
0.51452600526555614113
0.68206920143093130449
0.46548797706975431066
0.19226775722974687177
0.57149388834353287425
0.57001212795297950819
0.37498981826577515442
0.11436482473400066961
0.96040699802920248551
0.84327108693067420742
0.74655576892397956801
0.19992263640885077347
0.84532975336313653791
0.02420852273721763037
0.55844513690762120905
0.77953030312743620822
0.99133027898954384494
0.03917480477859325294
0.33199423933362748329
0.44603873660914017396
0.38607786715273939571
0.64688393583383674290
0.05855920564771466275
0.47043055612643913665
0.44486165463631932582
