8.49745859636265521431
7.75597910719300198679
2.99516570122497105544
8.72699031386631318696
3.75082793554891935628
7.98419579592260220124
8.16787431317945689102
9.99012957622322872453
0.45088774672618070483
2.36802667460945670541
4.30905871018584285537
8.47239986152552049248
3.86435238255588675571
6.73184900946409126021
0.56734166169132405066
0.54570744102123702746
5.64865286478817552052
6.50946426553819534888
2.37027799041954478909
6.26916372282016265416
5.30038348345737464484
5.14283809073736009054
7.01627648058300756873
3.73690660242226524446
6.14033077192303089475
3.07286921470342422325
0.35554987973879792484
2.23263653284556085055
1.37962865534411838198
3.02575123031492498882
2.54191780954881041410
7.31183834192674098063
6.37685889097699831751
9.75245110228229883376
3.31082019914312963849
4.20691006107648224344
4.80425530991636051681
9.09834239400194277891
5.72124678740604775129
2.17678500085411341658
0.03305149718622057975
1.91625111374249423868
4.50238535576727105791
6.81828919403824507128
4.68066479908331345428
1.28375685669462558103
8.03684288310312311410
0.75972967953103709426
1.23078097146990583788
8.71057395886045249256
6.85439641349014916472
5.11907546264598067864
