-0.00000000000000000000
-0.00000000000000000000
-0.00000000000000000000
-0.00000000000000000000
-0.00000000000000000000
-0.00000000000000000000
-0.00000000000000000000
-0.00000000000000000000
-0.00000000000000000000
-0.00000000000000000000
-0.00000000000000000000
-0.00000000000000000000
-0.00000000000000000000
71.68952790979145106576
-24.31466552738541508916
304.53938960777963984583
10.09422100189357429656
-21.36875689570968361863
-28.39877615992176274062
52.49447657275025846957
-4.61279804540305971017
-12.74205812666028236890
-6.97504465069526702337
-22.77736676832488527111
6.03232069426018924219
-7.92085577194407175483
125.82188016681317321854
-2267.47038439137531895540
-78.60110535022225519697
2800.57319487637369093136
-3.07385644098321053619
0.25660369410393624179
1.61299410477125926278
1.24913667270823025568
1.40584421647595947391
0.84333956652522013009
1.46642212866838583807
-0.29778054469408055116
7.51177582321476489113
-4.61867598500459752842
26.87353637419770180372
32.52484556532258608286
-6.22249704074293408240
146.50788621154725888118
-70.37348751133141888658
359.87825044752986514141
1.91089372179674032992
53.53271141884815165213
-5.16339943649668065007
37.56066664042578651106
-7.28327542950437667457
0.04166921775540011197
5.07726200823510964710
-7.51242479129285456452
5.22004886284916302941
-41.40109070664512103122
296.10310407589054193522
-2359.05116760983901258442
-17.92532880732934685852
566.66418245087572813645
-0.04625784729281936375
-1.12252326767712462541
-0.54471125295648614717
1.17729100889712778866
1.37142010481596399174
0.09734648825745528811
-0.30567755121433715093
0.39870627336384356632
4.05439336070035327708
-0.76571036502232292520
4.78929802016625227878
-75.00356586084096477407
-56.51738283989875100133
-5.94727526750072499340
140.53116533594979387090
-47.77233287652863680250
371.59166862279022325311
10.54529168211975154179
20.88737108861666058601
-12.69354189190038795232
29.22260399647497308706
3.23677711117519084638
-1.70974661602001853922
-4.77713818817770885516
-5.61981334466666737626
2.13712632181660211472
-93.38363186858489939368
1956.79088246447258825356
-1290.37537798358425789047
-77.59655499947766088553
1207.18574350861854327377
0.00095599721400985160
-0.42646950219430213025
0.77794376134253540034
1.18908164176494057784
0.47036965997192303757
0.60642801244403576888
1.26233615050252545586
-0.82097458454745309009
0.24507907224845290606
0.08205311250465829875
55.31342163154581470508
106.95974696940523074318
-0.29771190364419297669
120.31409655550834258975
-34.04828737692324125419
305.57566349034061659040
3.91943947301709538777
6.42685389612527302461
4.12258701525504367424
0.29720274930349588338
5.68597376549890221042
0.49506234683290384346
0.09528798468343024908
6.40206011235064309517
6.25617378203020191307
4.05984796330624497784
-0.00000000000000000000
-0.00000000000000000000
-0.00000000000000000000
-0.00000000000000000000
-0.10000000000000000555
-0.10000000000000000555
-0.10000000000000000555
-0.10000000000000000555
