1.04074899957980027132E+00
1.76034338602498285908E+00
2.51834587395946218891E+00
8.91320793523020427074E+00
7.37760198464730621026E+00
4.81180703704593604186E+00
6.01433160020083956709E+00
1.47868638451649214716E-01
2.17181485418194064607E+00
3.72460079238376540189E+00
7.00010788085838164818E+00
5.47659319158879309697E+00
9.46192115355279206312E+00
9.51365309785790813635E+00
6.74840056043256897311E+00
5.20038173964665428883E+00
1.71475438290291326560E+00
3.08429444467205327030E-01
3.56343901727698142423E-01
8.85088610503265726948E+00
2.32346977276654520495E+00
4.84465936160793919640E-01
1.52422275260630013527E+00
3.58615750545546063677E+00
7.36572657451753265434E+00
8.26093150768221207159E+00
6.62478393027450795927E+00
7.10363370253172732305E+00
2.83150547483304393381E+00
5.43923516831826781015E+00
7.15236215604565739312E+00
9.23358613272784189974E+00
6.03303872354910630804E+00
4.18213758983015893023E+00
5.56513250319649044329E-01
9.54828668186329743151E+00
3.67329402040604602320E+00
1.18199774545341584897E+00
6.67950015212164061040E+00
1.98231119847445902415E+00
2.58167118956633023785E+00
3.53030136326778709588E+00
3.81208402284181602226E+00
4.87633532091524557472E+00
7.23397097325940841017E+00
8.64765750516811237958E+00
5.15129242063154002551E+00
9.35221244334189805159E+00
7.07019131443872339560E+00
4.78790939808092641528E+00
3.64076226999576846310E+00
6.32870162173742301093E+00
6.30222225891560938749E+00
8.96738755888676841721E+00
7.20531492954393293360E+00
3.34699315131350205732E+00
