2.87853883245617447884E+00
4.66040452394174131712E+00
8.14149192303739077659E+00
3.24398495229624295177E+00
7.81647197451773223520E+00
5.40840729607107917332E+00
8.55971034685715004287E+00
9.33035670176401055187E+00
3.46566786594184161885E+00
5.41741028540983382555E+00
8.62134674068329154295E+00
9.11874294397386764288E-01
6.91322186521303727602E-01
9.93449654398495596297E+00
6.38147758094614836466E+00
7.80229531005874665794E+00
3.42530673136774410636E+00
4.96779501513691990056E+00
3.96087952854472291619E+00
8.31482444127361475239E+00
3.86308463297909243650E+00
9.25473597050230090133E+00
3.91685115247516701942E+00
6.00979576009270388681E+00
3.10981031563516863159E+00
2.62826349902270184344E+00
8.86984788850406147276E+00
5.20100269300520334781E+00
6.02430326547153871530E+00
6.07891840282867512713E+00
8.58049077839971729986E+00
5.05956106883528544671E+00
7.26653324907392139664E+00
9.10968452661643013357E+00
8.99289009250777304771E+00
9.05547126052637096905E+00
7.08445640664942288822E+00
9.77503950229261597826E+00
6.82761658549458516632E+00
5.21402305540137511741E+00
7.70164511746958524441E+00
7.80345562829367977997E+00
3.42072156498287238691E+00
1.23536814397408489796E+00
5.63838036533790365468E+00
2.20253253492956080350E+00
3.44361516897348840516E+00
1.24062319374768081914E-01
3.56980644170642458235E-01
2.02105412979558618503E+00
7.84778357314617025509E+00
6.44300969151093028131E+00
9.33882755122236174472E-01
2.12324583713529246864E+00
5.29264351285612377751E+00
6.03346895889679935010E+00
1.52409053264782601289E-01
3.14431793359097433438E+00
