0.95438164107659284596
0.31663098487592122865
0.93219870601598886495
0.17027888912671801380
0.95340999741177034910
0.87973370137530337853
0.51209884404562944216
0.02806198850108481552
0.78037323203371544711
0.36586266463630873202
0.85006368966255296815
0.43873142412096294285
0.60972407856044663621
0.38380418790892817382
0.72419591173336195222
0.32301144587534663666
0.94985796673193245709
0.13157883890904059632
0.91610923520236242634
0.19050437784196411206
0.59486909480120397919
0.81422682148095737453
0.26854953608607129434
0.98595029100911624198
0.44684430536547936619
0.23300813159048344714
0.19287135404308197728
0.70125792528602526321
0.87644350394022929596
0.77127477612308203980
0.26882036543262027850
0.98584881462554796450
0.05374215270718064180
0.35070487194181187984
0.10196799390579835976
0.66629223882917298916
0.03828945225081892278
0.39069938276379501119
0.08133139281291575096
0.29899925918140068948
0.22102797457908443524
0.72477742243436349412
0.70797477527593510871
0.71796872076477191715
0.36761041851746173448
0.55100527992177372738
0.36425369015766873027
0.94154684758054685290
0.45034361993272553626
0.11971075014347976051
0.86647054796560896150
0.42483584593794354589
0.45441785165479287034
0.95120783497869187961
0.58294588275017567014
0.39143529791297182463
0.55807778382827000208
0.98655410739112969765
0.78362303920140707891
0.08822244423271108360
0.37849766226215852960
0.76950461550326976212
0.19940754381998249123
0.35307583311324508557
0.00000000000000000000
0.00000000000000000000
0.00000000000000000000
0.00000000000000000000
