0.98630404933284909763
0.45068573503853115447
0.63357162162658520188
0.60864696539359530725
0.39133427777381712964
0.32672145590379231272
0.28059341555801697865
0.85081535750102488258
0.11489580170360336187
0.13623785369693075520
0.71073672990791736392
0.85212498577002215860
0.51229578992757685008
0.44003527212251047906
0.89925450863446165783
0.37446725727557828023
0.70365141032549127775
0.22453127615639767445
0.15594162808705624990
0.03580222478631023275
0.74828508040136321178
0.58842829297822218937
0.67348110750569134542
0.03813598040827259616
0.52154488389394182413
0.69995434121851030085
0.57180798021356749050
0.35972730929785956544
0.33086319758534377122
0.64221096597303850562
0.74165112813004607784
0.18749159525457481656
0.34215012663475741217
0.70494813892209307049
0.46420876826176382668
0.73555178458394310237
0.06890863417279857739
0.57057603896066944049
0.87170476057181889296
0.70961551552290358380
0.39254008717718902322
0.97121632138944380408
0.65615693322501089657
0.24428034891581396071
0.87519662904632877787
0.57187433645799179427
0.68878952356541733870
0.66575325513368865948
0.58436455598646153131
0.92511258160850740051
0.17468268560939836931
0.51232144589860317829
0.42301525137805862098
0.70915922308894863146
0.19341772444723603908
0.32047266471662938514
0.06930839671422905912
0.44915380206560828746
0.88525559751243865225
0.12929017476017445887
0.05353093436602407440
0.78280283579655929316
0.04412659094580928532
0.92560280192072486027
0.84272741467467959797
0.42082491933425503206
0.60781320516919123964
0.68747919673141633101
0.39113052478437526638
0.75976130683716558423
0.33497872183557542147
0.48552412244921139273
0.30943325346696626266
0.13621064250033865228
0.24133139570931039231
0.97959149062429162758
0.15176743235857237391
0.24597988911466250883
0.33421702179880030670
0.54082503341857723900
0.41876914169758394646
0.13747787834695024412
0.15926465654111576775
0.27614199552922225056
0.24458720124104837979
0.36510393312942790445
0.47154342605830112944
0.70702337848437879497
0.87665376713421949706
0.03826601437620325008
0.94021528443076185511
0.84730410654249233016
0.75894791625763857734
0.14063780134788717024
0.18054283578014884704
0.91633392923047785050
0.84724286490485223311
0.22540284907085161858
0.00000000000000000000
0.00000000000000000000
0.00000000000000000000
0.00000000000000000000
