0.408776
0.408776
0.408776
0.408776
0.399263
0.399462
0.399861
0.399662
0.402689
0.403731
0.401668
0.403452
0.403620
0.403570
0.403843
0.403616
0.403411
0.406349
0.403393
0.406471
0.405871
0.406898
0.405941
0.406766
0.404305
0.408967
0.404307
0.409152
0.405764
0.408046
0.405862
0.407865
0.408986
0.404784
0.409021
0.404795
0.409171
0.405344
0.409044
0.405349
0.410859
0.404871
0.410959
0.404765
0.409866
0.406663
0.409796
0.406734
0.408565
0.408459
0.408540
0.408480
0.410477
0.406508
0.410682
0.406466
0.406902
0.410628
0.406526
0.410724
0.409122
0.407840
0.409497
0.407788
0.408667
0.408913
0.408450
0.408921
0.407332
0.410256
0.407316
0.410235
0.410547
0.406857
0.410815
0.406884
0.408537
0.409633
0.408237
0.409583
0.409599
0.407942
0.409829
0.407998
0.409384
0.408365
0.409300
0.408337
0.406847
0.411047
0.406715
0.411022
0.409013
0.408687
0.409255
0.408653
0.405902
0.412848
0.405490
0.412799
0.409215
0.410173
0.409558
0.410142
0.410231
0.409804
0.410148
0.409792
0.402946
0.416816
0.402322
0.417009
0.412646
0.408902
0.413771
0.408525
0.406334
0.410870
0.405389
0.411451
0.411517
0.406693
0.412136
0.406292
0.413055
0.405485
0.412848
0.405447
0.413519
0.405325
0.413686
0.405275
0.404195
0.417167
0.403058
0.417187
0.427498
0.386278
0.431212
0.386307
0.398946
0.430906
0.392453
0.430469
0.408774
0.421451
0.415047
0.423121
0.452468
0.398583
0.450921
0.396641
0.399260
0.429958
0.397433
0.429457
0.401175
0.410516
0.404128
0.412219
0.419644
0.404479
0.418564
0.403416
0.389621
0.430105
0.387967
0.429678
0.425129
0.388154
0.429359
0.389249
0.400450
0.426470
0.394747
0.426081
0.412633
0.414392
0.416811
0.415004
0.427304
0.398047
0.426185
0.397551
0.389888
0.425928
0.387435
0.426175
0.421424
0.398642
0.425328
0.398243
0.410524
0.413823
0.407154
0.414720
0.402750
0.418173
0.404052
0.417742
0.420692
0.397369
0.421612
0.397091
0.396525
0.419186
0.394089
0.419914
0.418365
0.402416
0.420898
0.401867
0.411223
0.408647
0.409682
0.409065
0.397874
0.421293
0.397297
0.421002
0.431214
0.381230
0.434981
0.381273
0.398102
0.430413
0.391551
0.430300
0.413666
0.414425
0.419768
0.415751
0.445221
0.400021
0.443048
0.398667
0.401133
0.431462
0.400013
0.430695
0.410992
0.413758
0.413580
0.415468
0.417760
0.424639
0.415874
0.423095
0.407758
0.423856
0.408120
0.424827
0.420932
0.403885
0.422482
0.403590
0.411171
0.416436
0.408968
0.416562
0.411279
0.412590
0.412722
0.412572
0.412218
0.409921
0.411736
0.409907
0.410484
0.410491
0.410500
0.410512
0.410292
0.409942
0.410357
0.409922
0.410010
0.409711
0.409978
0.409716
0.409737
0.409533
0.409743
0.409530
0.409544
0.409379
0.409543
0.409377
0.409389
0.409256
0.409388
0.409256
0.409266
0.409158
0.409266
0.409157
0.409169
0.409078
0.409169
0.409078
0.409092
0.409015
0.409092
0.409015
0.409030
0.408965
0.409030
0.408964
0.408981
0.408924
0.408981
0.408924
0.408941
0.408892
0.408941
0.408892
0.408910
0.408867
0.408910
0.408867
0.408884
0.408847
0.408884
0.408846
0.408864
0.408831
0.408864
0.408830
0.408847
0.408818
0.408847
0.408818
0.408834
0.408808
0.408834
0.408808
0.408824
0.408800
0.408823
0.408800
0.408815
0.408794
0.408815
0.408794
0.408808
0.408789
0.408808
0.408789
0.408802
0.408785
0.408802
0.408785
0.408798
0.408782
0.408798
0.408782
0.408794
0.408780
0.408794
0.408780
0.403228
0.403076
0.403014
0.403268
0.404762
0.404377
0.405125
0.404090
0.405533
0.405063
0.405431
0.405136
0.406253
0.405639
0.406256
0.405646
0.406824
0.406488
0.406818
0.406482
0.407258
0.406981
0.407255
0.406988
0.407460
0.407497
0.407451
0.407493
0.407627
0.407874
0.407625
0.407875
0.407719
0.408221
0.407715
0.408216
0.407818
0.408475
0.407817
0.408472
0.407946
0.408641
0.407946
0.408638
0.408092
0.408736
0.408093
0.408734
0.408272
0.408750
0.408276
0.408749
0.408457
0.408719
0.408461
0.408718
0.408643
0.408653
0.408648
0.408652
0.408818
0.408572
0.408824
0.408571
0.408962
0.408502
0.408967
0.408500
0.409072
0.408451
0.409077
0.408448
0.409128
0.408438
0.409131
0.408436
0.409121
0.408474
0.409122
0.408471
0.409048
0.408565
0.409048
0.408561
0.408915
0.408713
0.408912
0.408708
0.408759
0.408892
0.408756
0.408885
0.408623
0.409074
0.408619
0.409065
0.408543
0.409228
0.408538
0.409219
0.408536
0.409337
0.408531
0.409328
0.408582
0.409412
0.408576
0.409404
0.408656
0.409457
0.408651
0.409452
0.408727
0.409482
0.408722
0.409480
0.408761
0.409499
0.408757
0.409499
0.408764
0.409485
0.408762
0.409487
0.408720
0.409453
0.408720
0.409457
0.408678
0.409370
0.408681
0.409372
0.408702
0.409196
0.408707
0.409197
0.408826
0.408932
0.408831
0.408929
0.409084
0.408580
0.409089
0.408572
0.409358
0.408272
0.409358
0.408263
0.409551
0.408106
0.409550
0.408096
0.409635
0.408088
0.409634
0.408079
0.409590
0.408210
0.409588
0.408205
0.409502
0.408368
0.409502
0.408365
0.409375
0.408539
0.409373
0.408539
0.409222
0.408703
0.409219
0.408703
0.409088
0.408813
0.409086
0.408814
0.408921
0.408940
0.408915
0.408940
0.408784
0.409023
0.408781
0.409022
0.408672
0.409090
0.408668
0.409088
0.408571
0.409159
0.408567
0.409155
0.408564
0.409144
0.408566
0.409141
0.408572
0.409135
0.408571
0.409130
0.408646
0.409070
0.408650
0.409066
0.408776
0.408964
0.408782
0.408960
0.408875
0.408906
0.408878
0.408900
0.409041
0.408787
0.409052
0.408784
0.409149
0.408741
0.409153
0.408736
0.409241
0.408704
0.409248
0.408701
0.409368
0.408617
0.409377
0.408616
0.409370
0.408639
0.409368
0.408635
0.409427
0.408546
0.409436
0.408549
0.409383
0.408540
0.409380
0.408539
0.409205
0.408633
0.409201
0.408631
0.408983
0.408754
0.408984
0.408751
0.408598
0.409090
0.408589
0.409079
0.408311
0.409352
0.408314
0.409343
0.408168
0.409547
0.408167
0.409534
0.408134
0.409681
0.408130
0.409669
0.408328
0.409602
0.408334
0.409594
0.408436
0.409628
0.408424
0.409622
0.408627
0.409530
0.408630
0.409529
0.408802
0.409402
0.408803
0.409402
0.408722
0.409472
0.408705
0.409478
0.408958
0.409166
0.408986
0.409164
0.408840
0.409172
0.408818
0.409181
0.408852
0.409041
0.408866
0.409039
0.409151
0.408639
0.409169
0.408632
0.408967
0.408731
0.408940
0.408739
0.409301
0.408369
0.409334
0.408350
0.409336
0.408324
0.409319
0.408327
0.409223
0.408443
0.409218
0.408439
0.409391
0.408296
0.409407
0.408286
0.409100
0.408612
0.409072
0.408618
0.409063
0.408650
0.409076
0.408643
0.408943
0.408784
0.408931
0.408785
0.408694
0.409035
0.408681
0.409035
0.408717
0.409004
0.408727
0.408999
0.408543
0.409185
0.408524
0.409185
0.408554
0.409161
0.408561
0.409157
0.408636
0.409074
0.408635
0.409072
0.408646
0.409057
0.408640
0.409054
0.417956
0.411441
0.418229
0.411375
0.411251
0.417779
0.410614
0.417678
0.414502
0.409582
0.415285
0.409868
0.410519
0.413071
0.409795
0.412948
0.411100
0.410802
0.411571
0.410848
0.410659
0.410579
0.410455
0.410557
0.410067
0.410279
0.410116
0.410280
0.409863
0.409936
0.409863
0.409935
0.409638
0.409706
0.409633
0.409703
0.409460
0.409517
0.409462
0.409515
0.409321
0.409367
0.409321
0.409366
0.409210
0.409248
0.409210
0.409247
0.409121
0.409154
0.409121
0.409153
0.409050
0.409078
0.409050
0.409078
0.408993
0.409018
0.408993
0.409018
0.408948
0.408970
0.408948
0.408970
0.408912
0.408932
0.408912
0.408932
0.408884
0.408901
0.408884
0.408901
0.408861
0.408877
0.408861
0.408877
0.408843
0.408857
0.408843
0.408857
0.408828
0.408841
0.408829
0.408841
0.408817
0.408829
0.408817
0.408829
0.408808
0.408818
0.408808
0.408818
0.408801
0.408810
0.408801
0.408810
0.408795
0.408804
0.408795
0.408804
0.408791
0.408798
0.408791
0.408798
0.408787
0.408794
0.408787
0.408794
0.408784
0.408791
0.408784
0.408791
0.408782
0.408788
0.408782
0.408788
0.408780
0.408786
0.408780
0.408786
0.408779
0.408784
0.408779
0.408784
0.408778
0.408782
0.408778
0.408782
0.408777
0.408781
0.408777
0.408781
0.408776
0.408780
0.408776
0.408780
0.408776
0.408779
0.408776
0.408779
0.408775
0.408779
0.408775
0.408779
0.408775
0.408778
0.408775
0.408778
0.408775
0.408778
0.408775
0.408778
0.408775
0.408777
0.408775
0.408777
0.408775
0.408777
0.408775
0.408777
0.408775
0.408777
0.408775
0.408777
0.408775
0.408776
0.408775
0.408776
0.408775
0.408776
0.408775
0.408776
0.408775
0.408776
0.408775
0.408776
0.408775
0.408776
0.408775
0.408776
0.408775
0.408776
0.408775
0.408776
0.408775
0.408776
0.408775
0.408776
0.408775
0.408776
0.408775
0.408776
0.408775
0.408776
0.408775
0.408776
0.408775
0.408776
0.408775
0.408776
0.408775
0.408776
0.408775
0.408776
0.408775
0.408775
0.408775
0.408775
0.408775
0.408775
0.408775
0.408775
0.408775
0.408775
0.408775
0.408775
0.408775
0.408775
0.408775
0.408775
0.408775
0.408775
0.408775
0.408775
0.408775
0.408775
0.408775
0.408775
0.408775
0.408775
0.408775
0.408775
0.408775
0.408775
0.408775
0.408775
0.408775
0.408775
0.408775
0.408775
0.408775
0.408775
0.408775
0.408775
