0.000000
2.000000
250.000000
1.000000
0.000000
0.000000
0.000000
0.000000
0.000000
0.000000
0.000000
0.000000
0.000000
-0.000000
2.000000
250.000008
1.000000
-0.000000
-0.000000
0.000000
-0.000000
0.000000
0.000017
-0.000000
-0.000000
0.000000
0.000988
2.000331
249.996200
1.000000
-0.000202
0.000604
0.000000
0.003952
0.001323
-0.007634
-0.000809
0.002417
-0.000000
0.013312
2.004516
249.984741
1.000000
-0.000337
0.000900
0.000001
0.021688
0.007497
-0.015243
0.000270
-0.001234
0.000005
0.042096
2.014990
249.965639
1.000000
-0.000277
0.000477
0.000006
0.034533
0.013270
-0.022880
-0.000028
-0.000458
0.000014
0.080491
2.031002
249.938921
1.000000
-0.000286
0.000221
0.000017
0.041441
0.018802
-0.030494
-0.000008
-0.000568
0.000028
0.123156
2.052601
249.904621
1.000000
-0.000287
-0.000061
0.000035
0.042966
0.024420
-0.038072
0.000007
-0.000560
0.000045
0.164677
2.079805
249.862780
1.000000
-0.000285
-0.000300
0.000061
0.039260
0.030005
-0.045613
0.000000
-0.000395
0.000058
0.200448
2.112581
249.813425
1.000000
-0.000284
-0.000451
0.000091
0.031722
0.035572
-0.053115
0.000001
-0.000208
0.000063
0.227528
2.150917
249.756580
1.000000
-0.000284
-0.000507
0.000121
0.022161
0.041125
-0.060588
0.000001
-0.000017
0.000057
0.244801
2.194796
249.692262
1.000000
-0.000283
-0.000478
0.000146
0.012385
0.046664
-0.068039
0.000001
0.000135
0.000042
0.252811
2.244202
249.620489
1.000000
-0.000283
-0.000389
0.000161
0.003839
0.052187
-0.075472
0.000001
0.000221
0.000020
0.253246
2.299120
249.541283
1.000000
-0.000282
-0.000275
0.000165
-0.002655
0.057694
-0.082887
0.000001
0.000234
-0.000004
0.248285
2.359534
249.454669
1.000000
-0.000282
-0.000169
0.000159
-0.006951
0.063185
-0.090279
0.000001
0.000189
-0.000022
0.239962
2.425430
249.360672
1.000001
-0.000281
-0.000093
0.000145
-0.009447
0.068659
-0.097648
0.000001
0.000115
-0.000032
0.229755
2.496791
249.259317
1.000001
-0.000281
-0.000053
0.000128
-0.010818
0.074117
-0.104992
0.000001
0.000046
-0.000034
0.218463
2.573602
249.150629
1.000001
-0.000280
-0.000039
0.000112
-0.011691
0.079560
-0.112311
0.000001
0.000011
-0.000032
0.206401
2.655849
249.034631
1.000001
-0.000280
-0.000030
0.000096
-0.012373
0.084987
-0.119606
0.000001
0.000027
-0.000032
0.193795
2.743515
248.911349
1.000001
-0.000279
-0.000001
0.000078
-0.012712
0.090397
-0.126877
0.000001
0.000089
-0.000039
0.181240
2.836585
248.780807
1.000001
-0.000279
0.000065
0.000053
-0.012131
0.095793
-0.134124
0.000001
0.000177
-0.000059
0.170044
2.935044
248.643031
1.000001
-0.000278
0.000174
0.000016
-0.009826
0.101172
-0.141346
0.000001
0.000257
-0.000091
0.162305
3.038876
248.498044
1.000001
-0.000278
0.000312
-0.000039
-0.005076
0.106536
-0.148542
0.000001
0.000294
-0.000129
0.160669
3.148067
248.345870
1.000001
-0.000278
0.000451
-0.000111
0.002432
0.111886
-0.155713
0.000001
0.000262
-0.000159
0.167791
3.262599
248.186527
1.000001
-0.000277
0.000554
-0.000194
0.012358
0.117222
-0.162861
0.000001
0.000152
-0.000170
0.185626
3.382458
248.020032
1.000002
-0.000277
0.000586
-0.000273
0.023628
0.122546
-0.169990
0.000001
-0.000026
-0.000147
0.214741
3.507626
247.846402
1.000002
-0.000277
0.000520
-0.000331
0.034553
0.127857
-0.177106
0.000001
-0.000238
-0.000085
0.253828
3.638091
247.665660
1.000002
-0.000277
0.000351
-0.000348
0.043136
0.133152
-0.184207
0.000001
-0.000439
0.000014
0.299597
3.773839
247.477840
1.000002
-0.000276
0.000095
-0.000310
0.047495
0.138426
-0.191285
0.000001
-0.000583
0.000138
0.347109
3.914859
247.282980
1.000002
-0.000276
-0.000208
-0.000209
0.046303
0.143679
-0.198331
0.000001
-0.000632
0.000265
0.390509
4.061137
247.081118
1.000002
-0.000276
-0.000508
-0.000051
0.039135
0.148912
-0.205335
0.000001
-0.000567
0.000369
0.424027
4.212656
246.872280
1.000002
-0.000276
-0.000749
0.000148
0.026631
0.154129
-0.212300
0.000001
-0.000397
0.000426
0.443030
4.369399
246.656480
1.000002
-0.000275
-0.000887
0.000360
0.010425
0.159339
-0.219237
0.000001
-0.000151
0.000419
0.444894
4.531345
246.433723
1.000002
-0.000275
-0.000894
0.000550
-0.007150
0.164545
-0.226161
0.000000
0.000123
0.000342
0.429495
4.698477
246.204014
1.000003
-0.000275
-0.000771
0.000686
-0.023512
0.169744
-0.233083
0.000000
0.000370
0.000205
0.399215
4.870782
245.967371
1.000003
-0.000275
-0.000543
0.000745
-0.036339
0.174930
-0.240001
0.000000
0.000543
0.000030
0.358461
5.048249
245.723823
1.000003
-0.000275
-0.000254
0.000715
-0.044013
0.180093
-0.246902
0.000001
0.000612
-0.000151
0.312802
5.230869
245.473409
1.000003
-0.000275
0.000042
0.000600
-0.045899
0.185230
-0.253773
0.000001
0.000570
-0.000306
0.267939
5.418631
245.216166
1.000003
-0.000275
0.000293
0.000422
-0.042407
0.190340
-0.260605
0.000001
0.000435
-0.000408
0.228720
5.611520
244.952122
1.000004
-0.000274
0.000463
0.000209
-0.034813
0.195432
-0.267400
0.000001
0.000243
-0.000442
0.198427
5.809516
244.681298
1.000004
-0.000274
0.000534
-0.000003
-0.024917
0.200511
-0.274166
0.000000
0.000042
-0.000408
0.178457
6.012602
244.403708
1.000004
-0.000274
0.000513
-0.000185
-0.014604
0.205583
-0.280912
0.000000
-0.000126
-0.000321
0.168427
6.220762
244.119367
1.000004
-0.000274
0.000425
-0.000317
-0.005445
0.210646
-0.287642
0.000000
-0.000229
-0.000205
0.166651
6.433981
243.828296
1.000004
-0.000274
0.000303
-0.000390
0.001591
0.215697
-0.294356
0.000000
-0.000257
-0.000088
0.170801
6.652246
243.530515
1.000005
-0.000274
0.000184
-0.000411
0.006233
0.220735
-0.301052
0.000000
-0.000221
0.000006
0.178577
6.875543
243.226049
1.000005
-0.000274
0.000092
-0.000393
0.008805
0.225758
-0.307725
0.000000
-0.000146
0.000065
0.188199
7.103859
242.914920
1.000005
-0.000274
0.000038
-0.000355
0.009981
0.230764
-0.314376
-0.000000
-0.000068
0.000088
0.198604
7.337181
242.597151
1.000005
-0.000274
0.000016
-0.000311
0.010462
0.235756
-0.321005
-0.000000
-0.000019
0.000087
0.209335
7.575492
242.272765
1.000005
-0.000274
0.000007
-0.000268
0.010686
0.240732
-0.327611
-0.000000
-0.000018
0.000084
0.220169
7.818780
241.941784
1.000006
-0.000274
-0.000014
-0.000223
0.010652
0.245694
-0.334195
-0.000000
-0.000065
0.000098
0.230668
8.067030
241.604230
1.000006
-0.000274
-0.000066
-0.000163
0.009916
0.250641
-0.340756
-0.000000
-0.000145
0.000141
0.239791
8.320228
241.260126
1.000006
-0.000274
-0.000159
-0.000075
0.007752
0.255574
-0.347295
-0.000000
-0.000226
0.000213
0.245742
8.578359
240.909494
1.000006
-0.000275
-0.000284
0.000054
0.003445
0.260492
-0.353811
-0.000000
-0.000272
0.000300
0.246136
8.841410
240.552355
1.000007
-0.000275
-0.000416
0.000222
-0.003392
0.265399
-0.360304
-0.000000
-0.000255
0.000373
0.238463
9.109364
240.188727
1.000007
-0.000275
-0.000520
0.000416
-0.012553
0.270296
-0.366776
-0.000000
-0.000162
0.000402
0.220757
9.382205
239.818624
1.000007
-0.000275
-0.000561
0.000606
-0.023124
0.275185
-0.373231
-0.000000
0.000001
0.000358
0.192291
9.659918
239.442062
1.000007
-0.000275
-0.000510
0.000752
-0.033565
0.280066
-0.379673
-0.000001
0.000204
0.000228
0.154097
9.942490
239.059062
1.000007
-0.000276
-0.000357
0.000814
-0.041974
0.284932
-0.386101
-0.000000
0.000406
0.000017
0.109146
10.229913
238.669654
1.000008
-0.000276
-0.000116
0.000756
-0.046490
0.289774
-0.392510
-0.000000
0.000559
-0.000246
0.062101
10.522180
238.273874
1.000008
-0.000276
0.000179
0.000566
-0.045729
0.294588
-0.398889
0.000000
0.000622
-0.000516
0.018648
10.819279
237.871758
1.000008
-0.000276
0.000479
0.000252
-0.039146
0.299374
-0.405230
0.000000
0.000575
-0.000739
-0.015459
11.121197
237.463331
1.000008
-0.000276
0.000728
-0.000150
-0.027225
0.304145
-0.411534
0.000000
0.000420
-0.000866
-0.035447
11.427899
237.052434
1.000008
-0.000271
0.000879
-0.000582
-0.011453
0.308918
-0.410158
0.000021
0.000182
-0.000863
-0.039452
11.738995
236.642942
1.000008
-0.000073
0.000287
-0.000695
0.001669
0.312178
-0.408786
0.000776
-0.002550
0.000411
-0.037571
12.051043
236.234898
1.000008
0.000061
-0.000154
-0.000560
-0.000020
0.310778
-0.407452
-0.000239
0.000787
0.000132
-0.037687
12.361623
235.828269
1.000008
0.000007
0.000026
-0.000493
-0.000381
0.309793
-0.406003
0.000022
-0.000068
0.000133
-0.037622
12.671389
235.423064
1.000008
0.000015
0.000002
-0.000428
-0.000116
0.308989
-0.404576
0.000009
-0.000029
0.000128
-0.037486
12.980300
235.019284
1.000008
0.000017
-0.000002
-0.000369
-0.000118
0.308103
-0.403158
-0.000004
0.000013
0.000108
-0.037382
13.288328
234.616920
1.000008
0.000016
0.000001
-0.000319
-0.000088
0.307234
-0.401742
0.000001
-0.000002
0.000094
-0.037273
13.595489
234.215969
1.000008
0.000016
-0.000000
-0.000275
-0.000059
0.306369
-0.400331
0.000000
-0.000000
0.000081
-0.037164
13.901782
233.816426
1.000008
0.000016
-0.000000
-0.000237
-0.000037
0.305505
-0.398926
-0.000000
0.000000
0.000070
-0.037057
14.207211
233.418285
1.000008
0.000016
-0.000000
-0.000205
-0.000018
0.304643
-0.397526
0.000000
-0.000000
0.000060
-0.036950
14.511776
233.021542
1.000008
0.000016
-0.000000
-0.000177
-0.000001
0.303784
-0.396130
0.000000
0.000000
0.000052
-0.036843
14.815482
232.626191
1.000008
0.000016
-0.000000
-0.000153
0.000013
0.302927
-0.394739
0.000000
0.000000
0.000045
-0.036738
15.118330
232.232228
1.000008
0.000016
-0.000000
-0.000132
0.000026
0.302073
-0.393354
0.000000
0.000000
0.000039
-0.036632
15.420323
231.839648
1.000008
0.000016
-0.000000
-0.000114
0.000036
0.301221
-0.391973
0.000000
0.000000
0.000033
-0.036528
15.721464
231.448446
1.000008
0.000016
-0.000000
-0.000098
0.000045
0.300372
-0.390597
0.000000
0.000000
0.000029
-0.036423
16.021753
231.058616
1.000008
0.000016
-0.000000
-0.000085
0.000053
0.299525
-0.389226
0.000000
0.000000
0.000025
-0.036320
16.321195
230.670155
1.000008
0.000017
-0.000000
-0.000073
0.000060
0.298680
-0.387860
0.000000
0.000000
0.000021
-0.036216
16.619791
230.283058
1.000008
0.000017
-0.000000
-0.000063
0.000066
0.297837
-0.386498
0.000000
0.000000
0.000019
-0.036113
16.917544
229.897319
1.000007
0.000017
-0.000000
-0.000054
0.000070
0.296997
-0.385142
0.000000
0.000000
0.000016
-0.036011
17.214457
229.512934
1.000007
0.000017
-0.000000
-0.000047
0.000074
0.296160
-0.383790
0.000000
0.000000
0.000014
-0.035908
17.510530
229.129898
1.000007
0.000017
-0.000000
-0.000041
0.000078
0.295325
-0.382443
0.000000
0.000000
0.000012
-0.035806
17.805768
228.748206
1.000007
0.000017
-0.000000
-0.000035
0.000081
0.294492
-0.381101
0.000000
0.000000
0.000010
-0.035705
18.100172
228.367854
1.000007
0.000017
-0.000000
-0.000030
0.000084
0.293661
-0.379763
0.000000
0.000000
0.000009
-0.035604
18.393744
227.988836
1.000007
0.000017
-0.000000
-0.000026
0.000086
0.292833
-0.378430
0.000000
0.000000
0.000008
-0.035503
18.686488
227.611149
1.000007
0.000017
-0.000000
-0.000023
0.000087
0.292007
-0.377102
0.000000
0.000000
0.000007
-0.035402
18.978404
227.234787
1.000007
0.000017
-0.000000
-0.000019
0.000089
0.291183
-0.375779
0.000000
0.000000
0.000006
-0.035302
19.269497
226.859746
1.000007
0.000017
-0.000000
-0.000017
0.000090
0.290362
-0.374460
0.000000
0.000000
0.000005
-0.035202
19.559767
226.486020
1.000007
0.000017
-0.000000
-0.000014
0.000091
0.289543
-0.373146
0.000000
0.000000
0.000004
-0.035102
19.849217
226.113607
1.000007
0.000017
-0.000000
-0.000013
0.000092
0.288726
-0.371836
0.000000
0.000000
0.000004
-0.035003
20.137850
225.742500
1.000007
0.000017
-0.000000
-0.000011
0.000093
0.287912
-0.370531
0.000000
0.000000
0.000003
-0.035247
20.426004
225.370291
1.000008
-0.000185
-0.000207
0.000078
-0.001340
0.288518
-0.373938
-0.000806
-0.000828
0.000353
-0.039369
20.717146
224.994602
1.000008
-0.000322
-0.000316
0.000211
-0.007442
0.293919
-0.377293
0.000257
0.000394
0.000178
-0.049283
21.013742
224.615475
1.000008
-0.000264
-0.000196
0.000281
-0.012044
0.298843
-0.380762
-0.000026
0.000087
0.000105
-0.063124
21.315075
224.232908
1.000008
-0.000273
-0.000148
0.000317
-0.015336
0.303568
-0.384203
-0.000010
0.000105
0.000036
-0.079824
21.621185
223.846905
1.000009
-0.000274
-0.000094
0.000319
-0.017637
0.308370
-0.387630
0.000005
0.000111
-0.000026
-0.098343
21.932090
223.457481
1.000009
-0.000273
-0.000045
0.000295
-0.018920
0.313140
-0.391047
-0.000001
0.000088
-0.000071
-0.117720
22.247762
223.064648
1.000009
-0.000273
-0.000006
0.000252
-0.019356
0.317894
-0.394452
-0.000000
0.000067
-0.000099
-0.137195
22.568191
222.668417
1.000010
-0.000273
0.000021
0.000200
-0.019160
0.322635
-0.397845
0.000000
0.000042
-0.000111
-0.156236
22.893362
222.268800
1.000010
-0.000273
0.000037
0.000145
-0.018563
0.327362
-0.401226
-0.000000
0.000018
-0.000108
-0.174548
23.223263
221.865807
1.000010
-0.000273
0.000040
0.000095
-0.017792
0.332075
-0.404596
-0.000000
-0.000003
-0.000093
-0.192055
23.557878
221.459449
1.000010
-0.000273
0.000035
0.000054
-0.017042
0.336775
-0.407956
-0.000000
-0.000018
-0.000072
-0.208854
23.897195
221.049737
1.000011
-0.000273
0.000024
0.000024
-0.016451
0.341462
-0.411304
-0.000000
-0.000025
-0.000048
-0.225147
24.241200
220.636682
1.000011
-0.000273
0.000012
0.000005
-0.016087
0.346135
-0.414642
-0.000000
-0.000024
-0.000028
-0.241169
24.589880
220.220294
1.000011
-0.000273
0.000002
-0.000005
-0.015937
0.350796
-0.417969
-0.000000
-0.000015
-0.000014
-0.257101
24.943221
219.800585
1.000012
-0.000274
-0.000001
-0.000012
-0.015911
0.355443
-0.421286
-0.000000
0.000002
-0.000012
-0.273005
25.301209
219.377564
1.000012
-0.000274
0.000005
-0.000020
-0.015856
0.360077
-0.424592
-0.000000
0.000023
-0.000022
-0.288756
25.663833
218.951243
1.000012
-0.000274
0.000023
-0.000037
-0.015572
0.364698
-0.427887
-0.000000
0.000046
-0.000045
-0.304016
26.031079
218.521633
1.000012
-0.000274
0.000052
-0.000068
-0.014837
0.369305
-0.431172
-0.000000
0.000069
-0.000079
-0.318223
26.402933
218.088746
1.000013
-0.000274
0.000091
-0.000119
-0.013440
0.373899
-0.434445
-0.000000
0.000088
-0.000122
-0.330612
26.779383
217.652591
1.000013
-0.000274
0.000138
-0.000191
-0.011203
0.378480
-0.437707
-0.000000
0.000101
-0.000167
-0.340265
27.160415
217.213181
1.000013
-0.000274
0.000190
-0.000285
-0.008010
0.383048
-0.440959
-0.000000
0.000105
-0.000210
-0.346186
27.546017
216.770524
1.000013
-0.000274
0.000242
-0.000399
-0.003826
0.387604
-0.444199
-0.000000
0.000099
-0.000245
-0.347386
27.936173
216.324631
1.000014
-0.000274
0.000288
-0.000527
0.001292
0.392149
-0.447429
-0.000000
0.000084
-0.000267
-0.342980
28.330871
215.875511
1.000014
-0.000274
0.000324
-0.000661
0.007194
0.396684
-0.450649
-0.000000
0.000059
-0.000270
-0.332282
28.730096
215.423170
1.000014
-0.000274
0.000346
-0.000792
0.013647
0.401209
-0.453861
-0.000000
0.000027
-0.000252
-0.314879
29.133835
214.967618
1.000014
-0.000274
0.000351
-0.000908
0.020345
0.405725
-0.457065
-0.000000
-0.000010
-0.000212
-0.290695
29.542075
214.508863
1.000015
-0.000275
0.000337
-0.000999
0.026941
0.410228
-0.460261
-0.000000
-0.000049
-0.000152
-0.260023
29.954803
214.046914
1.000015
-0.000275
0.000303
-0.001055
0.033071
0.414719
-0.463449
-0.000000
-0.000086
-0.000074
-0.223518
30.372008
213.581780
1.000015
-0.000275
0.000253
-0.001070
0.038388
0.419195
-0.466628
-0.000000
-0.000118
0.000016
-0.182174
30.793678
213.113475
1.000016
-0.000275
0.000188
-0.001037
0.042593
0.423654
-0.469798
-0.000000
-0.000142
0.000113
-0.137254
31.219803
212.642012
1.000016
-0.000275
0.000114
-0.000957
0.045456
0.428094
-0.472956
-0.000000
-0.000156
0.000207
-0.090210
31.650372
212.167403
1.000017
-0.000275
0.000035
-0.000832
0.046843
0.432516
-0.476101
-0.000000
-0.000160
0.000293
-0.042584
32.085373
211.689664
1.000017
-0.000275
-0.000043
-0.000668
0.046719
0.436918
-0.479233
-0.000000
-0.000153
0.000363
0.004105
32.524793
211.208808
1.000017
-0.000275
-0.000116
-0.000475
0.045155
0.441304
-0.482350
-0.000000
-0.000135
0.000411
0.048457
32.968621
210.724847
1.000018
-0.000276
-0.000177
-0.000263
0.042315
0.445675
-0.485454
-0.000000
-0.000109
0.000436
0.089285
33.416841
210.237793
1.000018
-0.000276
-0.000224
-0.000045
0.038438
0.450034
-0.488544
-0.000000
-0.000078
0.000434
0.125677
33.869440
209.747656
1.000018
-0.000276
-0.000255
0.000165
0.033817
0.454384
-0.491623
-0.000000
-0.000044
0.000408
0.157037
34.326404
209.254445
1.000019
-0.000276
-0.000269
0.000357
0.028767
0.458724
-0.494692
-0.000000
-0.000011
0.000361
0.183096
34.787720
208.758168
1.000019
-0.000276
-0.000268
0.000522
0.023595
0.463057
-0.497751
-0.000000
0.000018
0.000298
0.203882
35.253374
208.258834
1.000019
-0.000276
-0.000254
0.000653
0.018572
0.467381
-0.500802
-0.000000
0.000041
0.000225
0.219679
35.723353
207.756450
1.000019
-0.000276
-0.000230
0.000747
0.013911
0.471696
-0.503844
-0.000000
0.000055
0.000150
0.230946
36.197645
207.251027
1.000020
-0.000277
-0.000202
0.000804
0.009746
0.475999
-0.506879
-0.000000
0.000060
0.000081
0.238245
36.676238
206.742573
1.000020
-0.000277
-0.000173
0.000831
0.006130
0.480292
-0.509904
-0.000000
0.000057
0.000023
0.242142
37.159120
206.231097
1.000020
-0.000277
-0.000148
0.000832
0.003032
0.484572
-0.512920
-0.000000
0.000046
-0.000018
0.243136
37.646279
205.716609
1.000021
-0.000277
-0.000129
0.000817
0.000350
0.488839
-0.515928
-0.000001
0.000029
-0.000041
0.241588
38.137704
205.199119
1.000021
-0.000277
-0.000120
0.000795
-0.002070
0.493094
-0.518925
-0.000001
0.000009
-0.000045
0.237681
38.633381
204.678637
1.000022
-0.000278
-0.000121
0.000776
-0.004412
0.497336
-0.521914
-0.000001
-0.000011
-0.000032
0.231405
39.133299
204.155172
1.000022
-0.000278
-0.000131
0.000766
-0.006860
0.501566
-0.524892
-0.000001
-0.000029
-0.000006
0.222566
39.637446
203.628733
1.000022
-0.000278
-0.000149
0.000772
-0.009573
0.505785
-0.527861
-0.000001
-0.000041
0.000027
0.210831
40.145809
203.099330
1.000023
-0.000278
-0.000171
0.000793
-0.012658
0.509992
-0.530820
-0.000001
-0.000045
0.000059
0.195788
40.658376
202.566971
1.000023
-0.000278
-0.000193
0.000829
-0.016154
0.514188
-0.533771
-0.000001
-0.000041
0.000085
0.177021
41.175134
202.031666
1.000023
-0.000279
-0.000211
0.000875
-0.020023
0.518373
-0.536712
-0.000001
-0.000028
0.000097
0.154200
41.696072
201.493423
1.000024
-0.000279
-0.000220
0.000921
-0.024142
0.522547
-0.539645
-0.000001
-0.000007
0.000090
0.127159
42.221177
200.952251
1.000024
-0.000279
-0.000217
0.000959
-0.028320
0.526710
-0.542569
-0.000001
0.000020
0.000061
0.095961
42.750437
200.408159
1.000024
-0.000279
-0.000200
0.000977
-0.032304
0.530860
-0.545485
-0.000001
0.000050
0.000011
0.060950
43.283841
199.861157
1.000025
-0.000280
-0.000168
0.000965
-0.035813
0.534997
-0.548392
-0.000001
0.000081
-0.000059
0.022770
43.821380
199.311256
1.000025
-0.000280
-0.000120
0.000914
-0.038557
0.539118
-0.551289
-0.000001
0.000110
-0.000145
-0.017647
44.363042
198.758468
1.000026
-0.000280
-0.000060
0.000818
-0.040271
0.543224
-0.554176
-0.000001
0.000133
-0.000239
-0.059117
44.908818
198.202805
1.000026
-0.000280
0.000010
0.000675
-0.040743
0.547312
-0.557051
-0.000001
0.000147
-0.000333
-0.100279
45.458696
197.644279
1.000027
-0.000281
0.000085
0.000487
-0.039836
0.551384
-0.559914
-0.000000
0.000152
-0.000419
-0.139673
46.012665
197.082904
1.000027
-0.000281
0.000160
0.000260
-0.037507
0.555441
-0.562764
-0.000000
0.000146
-0.000488
-0.175851
46.570713
196.518690
1.000027
-0.000281
0.000230
0.000005
-0.033810
0.559486
-0.565602
-0.000001
0.000129
-0.000532
-0.207478
47.132828
195.951646
1.000028
-0.000281
0.000288
-0.000265
-0.028902
0.563521
-0.568428
-0.000001
0.000102
-0.000548
-0.233429
47.698995
195.381783
1.000028
-0.000282
0.000332
-0.000535
-0.023024
0.567549
-0.571244
-0.000001
0.000068
-0.000530
-0.252874
48.269201
194.809108
1.000028
-0.000282
0.000357
-0.000787
-0.016490
0.571571
-0.574051
-0.000001
0.000030
-0.000481
-0.265332
48.843433
194.233626
1.000028
-0.000282
0.000363
-0.001008
-0.009651
0.575589
-0.576850
-0.000001
-0.000010
-0.000402
-0.270701
49.421677
193.655345
1.000029
-0.000282
0.000350
-0.001184
-0.002873
0.579600
-0.579642
-0.000001
-0.000047
-0.000300
-0.269254
50.003923
193.074272
1.000029
-0.000283
0.000319
-0.001304
0.003498
0.583603
-0.582428
-0.000001
-0.000079
-0.000182
-0.261602
50.590160
192.490414
1.000029
-0.000283
0.000274
-0.001364
0.009163
0.587596
-0.585207
-0.000001
-0.000103
-0.000058
-0.248630
51.180376
191.903780
1.000030
-0.000283
0.000219
-0.001363
0.013893
0.591575
-0.587979
-0.000001
-0.000118
0.000063
-0.231412
51.774563
191.314380
1.000030
-0.000284
0.000160
-0.001305
0.017548
0.595540
-0.590742
-0.000001
-0.000123
0.000171
-0.211119
52.372710
190.722224
1.000031
-0.000284
0.000100
-0.001197
0.020081
0.599488
-0.593496
-0.000001
-0.000117
0.000258
-0.188914
52.974807
190.127322
1.000031
-0.000284
0.000045
-0.001053
0.021538
0.603421
-0.596240
-0.000001
-0.000102
0.000319
-0.165865
53.580843
189.529685
1.000032
-0.000284
-0.000001
-0.000885
0.022044
0.607339
-0.598974
-0.000001
-0.000081
0.000351
-0.142866
54.190807
188.929323
1.000032
-0.000285
-0.000035
-0.000709
0.021787
0.611243
-0.601697
-0.000001
-0.000056
0.000355
-0.120590
54.804687
188.326244
1.000033
-0.000285
-0.000057
-0.000537
0.020990
0.615136
-0.604411
-0.000001
-0.000030
0.000333
-0.099464
55.422471
187.720459
1.000033
-0.000285
-0.000067
-0.000381
0.019888
0.619018
-0.607114
-0.000001
-0.000007
0.000291
-0.079675
56.044148
187.111977
1.000034
-0.000285
-0.000066
-0.000249
0.018693
0.622890
-0.609809
-0.000001
0.000012
0.000236
-0.061205
56.669706
186.500805
1.000034
-0.000286
-0.000057
-0.000146
0.017576
0.626752
-0.612494
-0.000001
0.000023
0.000177
-0.043890
57.299134
185.886953
1.000034
-0.000286
-0.000045
-0.000071
0.016644
0.630605
-0.615171
-0.000001
0.000027
0.000123
-0.027491
57.932420
185.270430
1.000035
-0.000286
-0.000032
-0.000020
0.015932
0.634447
-0.617839
-0.000001
0.000022
0.000082
-0.011776
58.569554
184.651244
1.000035
-0.000287
-0.000025
0.000015
0.015396
0.638279
-0.620498
-0.000001
0.000009
0.000059
0.003402
59.210525
184.029405
1.000036
-0.000287
-0.000025
0.000044
0.014926
0.642101
-0.623149
-0.000001
-0.000009
0.000058
0.018039
59.855322
183.404921
1.000036
-0.000287
-0.000035
0.000078
0.014354
0.645912
-0.625791
-0.000001
-0.000031
0.000079
0.031936
60.503934
182.777802
1.000036
-0.000288
-0.000057
0.000128
0.013482
0.649711
-0.628424
-0.000001
-0.000054
0.000120
0.044672
61.156350
182.148056
1.000037
-0.000288
-0.000089
0.000202
0.012103
0.653500
-0.631047
-0.000001
-0.000074
0.000176
0.055623
61.812561
181.515693
1.000037
-0.000288
-0.000130
0.000306
0.010034
0.657278
-0.633662
-0.000001
-0.000090
0.000240
0.063988
62.472554
180.880722
1.000037
-0.000289
-0.000178
0.000442
0.007136
0.661047
-0.636267
-0.000001
-0.000097
0.000302
0.068858
63.136319
180.243151
1.000038
-0.000289
-0.000227
0.000606
0.003338
0.664806
-0.638864
-0.000001
-0.000095
0.000354
0.069627
63.803827
179.605334
1.000038
-0.000283
-0.000074
0.000601
-0.000074
0.668556
-0.636768
0.000026
0.000707
-0.000372
0.068891
64.474692
178.969756
1.000037
-0.000086
0.000046
0.000466
0.000383
0.670696
-0.634625
0.000758
-0.000229
-0.000170
0.068765
65.145525
178.336496
1.000037
0.000047
-0.000007
0.000392
0.000392
0.668292
-0.632569
-0.000224
0.000017
-0.000125
0.068595
65.813915
177.705464
1.000037
-0.000004
-0.000001
0.000334
0.000246
0.666323
-0.630274
0.000019
0.000008
-0.000111
0.068397
66.480476
177.076676
1.000036
0.000004
0.000000
0.000282
0.000180
0.664514
-0.628019
0.000009
-0.000002
-0.000095
0.068204
67.145181
176.450139
1.000036
0.000005
0.000000
0.000238
0.000124
0.662633
-0.625778
-0.000004
-0.000000
-0.000080
0.068013
67.808006
175.825840
1.000036
0.000005
-0.000000
0.000201
0.000075
0.660772
-0.623542
0.000001
0.000000
-0.000068
0.067821
68.468967
175.203770
1.000036
0.000005
0.000000
0.000170
0.000033
0.658916
-0.621314
0.000000
0.000000
-0.000057
0.067630
69.128067
174.583923
1.000036
0.000005
0.000000
0.000144
-0.000002
0.657064
-0.619095
0.000000
-0.000000
-0.000048
0.067440
69.785311
173.966290
1.000035
0.000006
0.000000
0.000122
-0.000031
0.655218
-0.616883
0.000000
-0.000000
-0.000041
0.067250
70.440706
173.350862
1.000035
0.000006
0.000000
0.000103
-0.000055
0.653377
-0.614680
0.000000
-0.000000
-0.000034
0.067060
71.094255
172.737632
1.000035
0.000006
0.000000
0.000087
-0.000076
0.651541
-0.612484
0.000000
-0.000000
-0.000029
0.066871
71.745965
172.126593
1.000035
0.000006
0.000000
0.000074
-0.000093
0.649710
-0.610297
0.000000
-0.000000
-0.000025
0.066683
72.395840
171.517735
1.000035
0.000007
0.000000
0.000062
-0.000107
0.647885
-0.608117
0.000000
-0.000000
-0.000021
0.066495
73.043886
170.911051
1.000034
0.000007
0.000000
0.000053
-0.000119
0.646064
-0.605945
0.000000
-0.000000
-0.000018
0.066307
73.690107
170.306534
1.000034
0.000007
0.000000
0.000045
-0.000130
0.644248
-0.603781
0.000000
-0.000000
-0.000015
0.066120
74.334509
169.704175
1.000034
0.000008
0.000000
0.000038
-0.000138
0.642438
-0.601625
0.000000
-0.000000
-0.000013
0.065933
74.977096
169.103967
1.000034
0.000008
0.000000
0.000032
-0.000145
0.640632
-0.599477
0.000000
-0.000000
-0.000011
0.065747
75.617875
168.505901
1.000034
0.000008
0.000000
0.000027
-0.000151
0.638832
-0.597336
0.000000
-0.000000
-0.000009
0.065562
76.256849
167.909971
1.000034
0.000008
0.000000
0.000023
-0.000156
0.637036
-0.595203
0.000000
-0.000000
-0.000008
0.065377
76.894024
167.316167
1.000033
0.000009
0.000000
0.000020
-0.000160
0.635246
-0.593078
0.000000
-0.000000
-0.000006
0.065192
77.529405
166.724484
1.000033
0.000009
0.000000
0.000017
-0.000163
0.633461
-0.590961
0.000000
-0.000000
-0.000005
0.065008
78.162997
166.134912
1.000033
0.000009
0.000000
0.000014
-0.000166
0.631680
-0.588851
0.000000
-0.000000
-0.000005
0.064825
78.794805
165.547445
1.000033
0.000009
0.000000
0.000012
-0.000168
0.629905
-0.586749
0.000000
-0.000000
-0.000004
0.064642
79.424834
164.962075
1.000033
0.000010
0.000000
0.000010
-0.000170
0.628134
-0.584655
0.000000
-0.000000
-0.000003
0.064459
80.053089
164.378793
1.000032
0.000010
0.000000
0.000009
-0.000171
0.626368
-0.582568
0.000000
-0.000000
-0.000003
0.064278
80.679575
163.797593
1.000032
0.000010
0.000000
0.000007
-0.000172
0.624608
-0.580489
0.000000
-0.000000
-0.000002
0.064096
81.304297
163.218468
1.000032
0.000010
0.000000
0.000006
-0.000173
0.622852
-0.578417
0.000000
-0.000000
-0.000002
0.063915
81.927259
162.641408
1.000032
0.000011
0.000000
0.000005
-0.000174
0.621101
-0.576352
0.000000
-0.000000
-0.000002
0.063735
82.548468
162.066408
1.000032
0.000011
0.000000
0.000005
-0.000174
0.619355
-0.574296
0.000000
-0.000000
-0.000001
0.063555
83.167926
161.493460
1.000032
0.000011
0.000000
0.000004
-0.000174
0.617614
-0.572246
0.000000
-0.000000
-0.000001
0.063376
83.785641
160.922555
1.000031
0.000011
0.000000
0.000003
-0.000175
0.615878
-0.570204
0.000000
-0.000000
-0.000001
0.063197
84.401615
160.353688
1.000031
0.000012
0.000000
0.000003
-0.000175
0.614146
-0.568170
0.000000
-0.000000
-0.000001
0.063018
85.015855
159.786850
1.000031
0.000012
0.000000
0.000003
-0.000175
0.612419
-0.566142
0.000000
-0.000000
-0.000001
0.062840
85.628365
159.222034
1.000031
0.000012
0.000000
0.000002
-0.000175
0.610698
-0.564122
0.000000
-0.000000
-0.000001
0.062663
86.239150
158.659232
1.000031
0.000012
0.000000
0.000002
-0.000175
0.608981
-0.562110
0.000000
-0.000000
-0.000001
0.062486
86.848215
158.098439
1.000031
0.000012
0.000000
0.000002
-0.000174
0.607268
-0.560104
0.000000
-0.000000
-0.000000
0.062310
87.455565
157.539645
1.000030
0.000013
0.000000
0.000001
-0.000174
0.605561
-0.558106
0.000000
-0.000000
-0.000000
0.062134
88.061203
156.982845
1.000030
0.000013
0.000000
0.000001
-0.000174
0.603858
-0.556115
0.000000
-0.000000
-0.000000
0.061959
88.665136
156.428030
1.000030
0.000013
0.000000
0.000001
-0.000174
0.602160
-0.554132
0.000000
-0.000000
-0.000000
0.061784
89.267368
155.875194
1.000030
0.000013
0.000000
0.000001
-0.000173
0.600467
-0.552155
0.000000
-0.000000
-0.000000
0.061609
89.867904
155.324330
1.000030
0.000014
0.000000
0.000001
-0.000173
0.598779
-0.550186
0.000000
-0.000000
-0.000000
0.061435
90.466748
154.775430
1.000030
0.000014
0.000000
0.000001
-0.000172
0.597095
-0.548224
0.000000
-0.000000
-0.000000
0.061262
91.063905
154.228487
1.000029
0.000014
0.000000
0.000001
-0.000172
0.595416
-0.546268
0.000000
-0.000000
-0.000000
0.061089
91.659380
153.683494
1.000029
0.000014
0.000000
0.000001
-0.000172
0.593741
-0.544320
0.000000
-0.000000
-0.000000
0.060917
92.253178
153.140445
1.000029
0.000014
0.000000
0.000001
-0.000171
0.592072
-0.542379
0.000000
-0.000000
-0.000000
0.060745
92.845303
152.599331
1.000029
0.000015
0.000000
0.000001
-0.000171
0.590407
-0.540445
0.000000
-0.000000
-0.000000
0.060573
93.435760
152.060147
1.000029
0.000015
0.000000
0.000001
-0.000170
0.588746
-0.538518
0.000000
-0.000000
-0.000000
0.060402
94.024554
151.522885
1.000029
0.000015
0.000000
0.000000
-0.000170
0.587090
-0.536598
0.000000
-0.000000
-0.000000
0.060232
94.611689
150.987538
1.000028
0.000015
0.000000
0.000000
-0.000169
0.585439
-0.534685
0.000000
-0.000000
-0.000000
0.060062
95.197170
150.454100
1.000028
0.000015
0.000000
0.000000
-0.000169
0.583793
-0.532779
0.000000
-0.000000
-0.000000
0.059892
95.781001
149.922563
1.000028
0.000016
0.000000
0.000000
-0.000169
0.582151
-0.530879
0.000000
-0.000000
-0.000000
0.059723
96.363188
149.392920
1.000028
0.000016
0.000000
0.000000
-0.000168
0.580513
-0.528987
0.000000
-0.000000
-0.000000
0.059554
96.943735
148.865165
1.000028
0.000016
0.000000
0.000000
-0.000168
0.578881
-0.527101
0.000000
-0.000000
-0.000000
0.059386
97.522646
148.339292
1.000028
0.000016
0.000000
0.000000
-0.000167
0.577252
-0.525222
0.000000
-0.000000
-0.000000
0.059219
98.099926
147.815292
1.000028
0.000016
0.000000
0.000000
-0.000167
0.575629
-0.523350
0.000000
-0.000000
-0.000000
0.059052
98.675580
147.293159
1.000027
0.000016
0.000000
0.000000
-0.000166
0.574009
-0.521485
0.000000
-0.000000
-0.000000
0.058885
99.249612
146.772887
1.000027
0.000017
0.000000
0.000000
-0.000166
0.572395
-0.519626
0.000000
-0.000000
-0.000000
0.058719
99.822026
146.254470
1.000027
0.000017
0.000000
0.000000
-0.000165
0.570785
-0.517774
0.000000
-0.000000
-0.000000
0.058553
100.392828
145.737899
1.000027
0.000017
0.000000
0.000000
-0.000165
0.569179
-0.515929
0.000000
-0.000000
-0.000000
