1
1
1
1
1
1
1
1
1
1
1
1
1
1
1
1
1
1
1
1
1
1
1
1
1
1
1
1
1
1
1
1
1
1
1
1
1
1
1
1
1
1
1
1
1
1
1
1
1
1
1
1
1
1
1
1
1
1
1
1
1
1
1
1
1
1
1
1
1
1
1
1
1
1
1
1
1
1
1
1
1
1
1
1
1
1
1
1
1
1
1
1
1
1
1
1
1
1
1
1
1
1
1
1
1
1
1
1
1
1
1
1
1
1
1
1
1
1
1
1
1
1
1
1
1
1
1
1
1
1
1
1
1
1
1
1
1
1
1
1
1
1
1
1
1
1
1
1
1
1
1
1
1
1
1
1
1
1
1
1
1
1
1
1
1
1
1
1
1
1
1
1
1
1
1
1
1
1
1
1
1
1
1
1
1
1
1
1
1
1
1
1
1
1
1
1
1
1
1
1
1
1
1
1
1
1
1
1
1
1
1
1
1
1
1
1
1
1
1
1
1
1
1
1
1
1
1
1
1
1
1
1
1
1
1
1
1
1
1
1
1
1
1
1
1
1
1
1
1
1
1
1
1
1
1
1
1
1
1
1
1
1
1
1
1
1
1
1
1
1
1
1
1
1
1
1
1
1
1
1
1
1
1
1
1
1
1
1
1
1
1
1
1
1
1
1
1
1
1
1
1
1
1
1
1
1
1
1
1
1
1
1
1
1
1
1
1
1
1
1
1
1
1
1
1
1
1
1
1
1
1
1
1
1
1
1
1
1
1
1
1
1
1
1
1
1
1
1
1
1
1
1
1
1
1
1
1
1
1
1
1
1
1
1
1
1
1
1
1
1
1
1
1
1
1
1
1
1
1
1
1
1
1
1
1
1
1
1
1
1
1
1
1
1
1
1
1
1
1
1
1
1
1
1
1
1
1
1
1
1
1
1
1
1
1
1
1
1
1
1
1
1
1
1
1
1
1
1
1
1
1
1
1
1
1
1
1
1
1
1
1
1
1
1
1
1
1
1
1
1
1
1
1
1
1
1
1
1
1
1
1
1
1
1
1
1
1
1
1
1
1
1
1
1
1
1
1
1
1
1
1
1
1
1
1
1
1
1
1
1
1
1
1
1
1
1
1
1
1
1
1
1
1
1
1
1
1
1
1
1
1
1
1
1
1
1
1
1
1
1
1
1
1
1
1
1
1
1
1
1
1
1
1
1
1
1
1
1
1
1
1
1
1
1
1
1
1
1
1
1
1
1
1
1
1
1
1
1
1
1
1
1
1
1
1
1
1
1
1
1
1
1
1
1
1
1
1
1
1
1
1
1
1
1
1
1
1
1
1
1
1
1
1
1
1
1
1
1
1
1
1
1
1
1
1
1
1
1
1
1
1
1
1
1
1
1
1
1
1
1
1
1
1
1
1
1
1
1
1
1
1
1
1
1
1
1
1
1
1
1
1
1
1
1
1
1
1
1
1
1
1
1
1
1
1
1
1
1
1
1
1
1
1
1
1
1
1
1
1
1
1
1
1
1
1
1
1
1
1
1
1
1
1
1
1
1
1
1
1
1
1
1
1
1
1
1
1
1
1
1
1
1
1
1
1
1
1
1
1
1
1
1
1
1
1
1
1
1
1
1
1
1
1
1
1
1
1
1
1
1
1
1
1
1
1
1
1
1
1
1
1
1
1
1
1
1
1
1
1
1
1
1
1
1
1
1
1
1
1
1
1
1
1
1
1
1
1
1
1
1
1
1
1
1
1
1
1
1
1
1
1
1
1
1
1
1
1
1
1
1
1
1
1
1
1
1
1
1
1
1
1
1
1
1
1
1
1
1
1
1
1
1
1
1
1
1
1
1
1
1
1
1
1
1
1
1
1
1
1
1
1
1
1
1
1
1
1
1
1
1
1
1
1
1
1
1
1
1
1
1
1
1
1
1
1
1
1
1
1
1
1
1
1
1
1
1
1
1
1
1
1
1
1
1
1
1
1
1
1
1
1
1
1
1
1
1
1
1
1
1
1
1
1
1
1
1
1
1
1
1
1
1
1
1
1
1
1
1
1
1
1
1
1
1
1
1
1
1
1
1
1
1
1
1
1
1
1
1
1
1
1
1
1
1
1
1
1
1
1
1
1
1
1
1
1
1
1
1
1
1
1
1
1
1
1
1
1
1
1
1
1
1
1
1
1
1
1
1
1
1
1
1
1
1
1
1
1
1
1
1
1
1
1
1
1
1
1
1
1
1
1
1
1
1
1
1
1
1
1
1
1
1
1
1
1
1
1
1
1
1
1
1
1
1
1
1
1
1
1
1
1
1
1
1
1
1
1
1
1
1
1
1
1
1
1
1
1
1
1
1
1
1
1
1
1
1
1
1
1
1
1
1
1
1
1
1
1
1
1
1
1
1
1
1
1
1
1
1
1
1
1
1
1
1
1
1
1
1
1
1
1
1
1
1
1
1
1
1
1
1
1
1
1
1
1
1
1
1
1
1
1
1
1
1
1
1
1
1
1
1
1
1
1
1
1
1
1
1
1
1
1
1
1
1
1
1
1
1
1
1
1
1
1
1
1
1
1
1
1
1
1
1
1
1
1
1
1
1
1
1
1
1
1
1
1
1
1
1
1
1
1
1
1
1
1
1
1
1
1
1
1
1
1
1
1
1
1
1
1
1
1
1
1
1
1
1
1
1
1
1
1
1
1
1
1
1
1
1
1
1
1
1
1
1
1
1
1
1
1
1
1
1
1
1
1
1
1
1
1
1
1
1
1
1
1
1
1
1
1
1
1
1
1
1
1
1
1
1
1
1
1
1
1
1
1
1
1
1
1
1
1
1
1
1
1
1
1
1
1
1
1
1
1
1
1
1
1
1
1
1
1
1
1
1
1
1
1
1
1
1
1
1
1
1
1
1
1
1
1
1
1
1
1
1
1
1
1
1
1
1
1
1
1
1
1
1
1
1
1
1
1
1
1
1
1
1
1
1
1
1
1
1
1
1
1
1
1
1
1
1
1
1
1
1
1
1
1
1
1
1
1
1
1
1
1
1
1
1
1
1
1
1
1
1
1
1
1
1
1
1
1
1
1
1
1
1
1
1
1
1
1
1
1
1
1
1
1
1
1
1
1
1
1
1
1
1
1
1
1
1
1
1
1
1
1
1
1
1
1
1
1
1
1
1
1
1
1
1
1
1
1
1
1
1
1
1
1
1
1
1
1
1
1
1
1
1
1
1
1
1
1
1
1
1
1
1
1
1
1
1
1
1
1
1
1
1
1
1
1
1
1
1
1
1
1
1
1
1
1
1
1
1
1
1
1
1
1
1
1
1
1
1
1
1
1
1
1
1
1
1
1
1
1
1
1
1
1
1
1
1
1
1
1
1
1
1
1
1
1
1
1
1
1
1
1
1
1
1
1
1
1
1
1
1
1
1
1
1
1
1
1
1
1
1
1
1
1
1
1
1
1
1
1
1
1
1
1
1
1
1
1
1
1
1
1
1
1
1
1
1
1
1
1
1
1
1
1
1
1
1
1
1
1
1
1
1
1
1
1
1
1
1
1
1
1
1
1
1
1
1
1
1
1
1
1
1
1
1
1
1
1
1
1
1
1
1
1
1
1
1
1
1
1
1
1
1
1
1
1
1
1
1
1
1
1
1
1
1
1
1
1
1
1
1
1
1
1
1
1
1
1
1
1
1
1
1
1
1
1
1
1
1
1
1
1
1
1
1
1
1
1
1
1
1
1
1
1
1
1
1
1
1
1
1
1
1
1
1
1
1
1
1
1
1
1
1
1
1
1
1
1
1
1
1
1
1
1
1
1
1
1
1
1
1
1
1
1
1
1
1
1
1
1
1
1
1
1
1
1
1
1
1
1
1
1
1
1
1
1
1
1
1
1
1
1
1
1
1
1
1
1
1
1
1
1
1
1
1
1
1
1
1
1
1
1
1
1
1
1
1
1
1
1
1
1
1
1
1
1
1
1
1
1
1
1
1
1
1
1
1
1
1
1
1
1
1
1
1
1
1
1
1
1
1
1
1
1
1
1
1
1
1
1
1
1
1
1
1
1
1
1
1
1
1
1
1
1
1
1
1
1
1
1
1
1
1
1
1
1
1
1
1
1
1
1
1
1
1
1
1
1
1
1
1
1
1
1
1
1
1
1
1
1
1
1
1
1
1
1
1
1
1
1
1
1
1
1
1
1
1
1
1
1
1
1
1
1
1
1
1
1
1
1
1
1
1
1
1
1
1
1
1
1
1
1
1
1
1
1
1
1
1
1
1
1
1
1
1
1
1
1
1
1
1
1
1
1
1
1
1
1
1
1
1
1
1
1
1
1
1
99688
-0.013464
0.046261
0.078084
-0.283476
0.064892
0.023287
0.000481
0.083694
-0.542921
0.590885
2.313298
1.156504
0.269050
-0.010868
0.031184
0.081095
-0.290427
0.066688
0.024455
0.000445
0.120827
-0.559347
0.608565
2.313359
1.189026
0.300908
-0.006540
0.011951
0.084118
-0.297372
0.068467
0.022331
0.000333
0.141186
-0.575726
0.626184
2.313455
1.221327
0.294739
-0.001232
-0.008173
0.087153
-0.304312
0.070228
0.017617
0.000160
0.143483
-0.592059
0.643741
2.313556
1.253404
0.256600
0.004104
-0.025867
0.090189
-0.311235
0.071973
0.011432
-0.000042
0.129602
-0.608345
0.661236
2.313639
1.285291
0.197259
0.008524
-0.038454
0.093214
-0.318129
0.073709
0.005028
-0.000236
0.103942
-0.624586
0.678670
2.313694
1.317033
0.129442
0.011314
-0.044429
0.096217
-0.324986
0.075443
-0.000490
-0.000387
0.072255
-0.640780
0.696043
2.313733
1.348663
0.064913
0.012140
-0.043696
0.099199
-0.331806
0.077176
-0.004392
-0.000469
0.040295
-0.656929
0.713355
2.313763
1.380184
0.012111
0.011110
-0.037464
0.102169
-0.338597
0.078907
-0.006445
-0.000473
0.012623
-0.673033
0.730607
2.313797
1.411578
-0.025099
0.008722
-0.027846
0.105134
-0.345368
0.080633
-0.006883
-0.000406
-0.008164
-0.689090
0.747798
2.313849
1.442827
-0.047355
0.005709
-0.017270
0.108102
-0.352124
0.082349
-0.006270
-0.000290
-0.021603
-0.705103
0.764929
2.313910
1.473919
-0.058506
0.002829
-0.007863
0.111071
-0.358865
0.084057
-0.005279
-0.000156
-0.028950
-0.721070
0.782000
2.313976
1.504856
-0.063577
0.000650
-0.000970
0.114037
-0.365589
0.085756
-0.004460
-0.000037
-0.032341
-0.736992
0.799011
2.314044
1.535643
-0.066618
-0.000591
0.003075
0.116997
-0.372292
0.087448
-0.004066
0.000047
-0.033796
-0.752869
0.815963
2.314112
1.566284
-0.069091
-0.001044
0.004880
0.119950
-0.378973
0.089133
-0.003984
0.000086
-0.034384
-0.768702
0.832854
2.314179
1.596781
-0.069261
-0.001165
0.005657
0.122896
-0.385632
0.090811
-0.003784
0.000088
-0.033785
-0.784489
0.849687
2.314247
1.627135
-0.062788
-0.001546
0.006725
0.125835
-0.392268
0.092482
-0.002882
0.000073
-0.030390
-0.800232
0.866461
2.314317
1.657346
-0.044325
-0.002694
0.009002
0.128770
-0.398882
0.094146
-0.000763
0.000067
-0.021904
-0.815931
0.883175
2.314387
1.687412
-0.009670
-0.004820
0.012637
0.131698
-0.405475
0.095803
0.002809
0.000091
-0.006288
-0.831585
0.899831
2.314457
1.717341
0.042179
-0.007716
0.016893
0.134619
-0.412046
0.097454
0.007640
0.000156
0.017261
-0.847195
0.916428
2.314522
1.747145
0.107704
-0.010753
0.020312
0.137530
-0.418596
0.099101
0.013079
0.000254
0.047579
-0.862761
0.932968
2.314584
1.776841
0.178724
-0.013007
0.021137
0.140431
-0.425126
0.100748
0.018123
0.000361
0.081305
-0.878283
0.949449
2.314649
1.806436
0.243579
-0.013506
0.017855
0.143322
-0.431637
0.102393
0.021629
0.000441
0.113265
-0.893761
0.965871
2.314725
1.835914
0.289415
-0.011509
0.009729
0.146212
-0.438130
0.104031
0.022592
0.000458
0.137414
-0.909195
0.982237
2.314819
1.865233
0.305046
-0.006766
-0.002847
0.149108
-0.444607
0.105655
0.020412
0.000382
0.148140
-0.924586
0.998544
2.314929
1.894345
0.283686
0.000336
-0.018275
0.152015
-0.451067
0.107259
0.015074
0.000204
0.141600
-0.939934
1.014794
2.315044
1.923237
0.224856
0.008782
-0.034000
0.154926
-0.457506
0.108844
0.007205
-0.000058
0.116761
-0.955237
1.030987
2.315140
1.951947
0.134946
0.017100
-0.047025
0.157823
-0.463916
0.110422
-0.002027
-0.000366
0.075869
-0.970498
1.047124
2.315205
1.980557
0.026256
0.023669
-0.054584
0.160690
-0.470292
0.112006
-0.011140
-0.000660
0.024193
-0.985716
1.052232
2.315245
2.007971
-0.085355
0.027084
-0.054770
0.163319
-0.481031
0.113684
-0.018628
-0.000882
-0.000339
-0.990916
1.048552
2.315275
1.954612
0.079153
0.006340
-0.019597
0.174782
-0.479659
0.104117
0.012633
-0.001762
-0.000343
-0.988118
1.044883
2.315586
1.974128
-0.001156
-0.004385
0.003864
0.181639
-0.478251
0.109234
-0.005584
0.000607
-0.000338
-0.985325
1.041228
2.315558
1.969803
-0.004463
-0.001809
0.000074
0.179988
-0.476917
0.106922
0.001012
0.000131
-0.000338
-0.982541
1.037585
2.315518
1.962693
0.001810
-0.001584
-0.000414
0.179332
-0.475482
0.106894
0.000151
0.000134
-0.000337
-0.979765
1.033955
2.315511
1.958094
0.000018
-0.001501
-0.000009
0.178924
-0.474042
0.106665
-0.000032
0.000138
-0.000336
-0.976997
1.030338
2.315494
1.952906
0.000010
-0.001266
-0.000065
0.178373
-0.472617
0.106343
0.000062
0.000116
-0.000335
-0.974237
1.026734
2.315478
1.947751
-0.000026
-0.001095
-0.000046
0.177852
-0.471195
0.106065
0.000028
0.000100
-0.000334
-0.971484
1.023142
2.315463
1.942643
-0.000137
-0.000946
-0.000028
0.177334
-0.469778
0.105781
0.000020
0.000087
-0.000333
-0.968739
1.019563
2.315447
1.937534
-0.000205
-0.000816
-0.000017
0.176815
-0.468366
0.105497
0.000013
0.000075
-0.000332
-0.966002
1.015996
2.315432
1.932439
-0.000268
-0.000704
-0.000006
0.176298
-0.466959
0.105214
0.000006
0.000065
-0.000331
-0.963272
1.012442
2.315416
1.927356
-0.000321
-0.000608
0.000003
0.175783
-0.465557
0.104932
0.000000
0.000056
-0.000330
-0.960551
1.008900
2.315400
1.922286
-0.000367
-0.000524
0.000011
0.175269
-0.464160
0.104650
-0.000005
0.000048
-0.000329
-0.957837
1.005371
2.315385
1.917227
-0.000406
-0.000452
0.000018
0.174757
-0.462768
0.104369
-0.000009
0.000041
-0.000328
-0.955130
1.001854
2.315370
1.912180
-0.000440
-0.000390
0.000023
0.174247
-0.461381
0.104089
-0.000013
0.000036
-0.000327
-0.952432
0.998350
2.315355
1.907146
-0.000468
-0.000337
0.000028
0.173738
-0.459998
0.103810
-0.000016
0.000031
-0.000326
-0.949741
0.994858
2.315340
1.902123
-0.000492
-0.000291
0.000033
0.173230
-0.458621
0.103531
-0.000018
0.000027
-0.000325
-0.947057
0.991378
2.315325
1.897112
-0.000513
-0.000251
0.000036
0.172724
-0.457249
0.103253
-0.000021
0.000023
-0.000325
-0.944381
0.987910
2.315310
1.892114
-0.000531
-0.000217
0.000039
0.172220
-0.455881
0.102976
-0.000023
0.000020
-0.000324
-0.941713
0.984454
2.315295
1.887127
-0.000546
-0.000187
0.000042
0.171717
-0.454518
0.102699
-0.000024
0.000017
-0.000323
-0.939052
0.981011
2.315281
1.882152
-0.000558
-0.000161
0.000044
0.171215
-0.453160
0.102423
-0.000026
0.000015
-0.000322
-0.936399
0.977580
2.315266
1.877189
-0.000569
-0.000139
0.000046
0.170716
-0.451807
0.102148
-0.000027
0.000013
-0.000321
-0.933753
0.974160
2.315252
1.872238
-0.000578
-0.000120
0.000048
0.170217
-0.450458
0.101874
-0.000028
0.000011
-0.000320
-0.931115
0.970753
2.315237
1.867298
-0.000585
-0.000104
0.000049
0.169720
-0.449115
0.101600
-0.000029
0.000010
-0.000319
-0.928484
0.967358
2.315223
1.862371
-0.000591
-0.000090
0.000050
0.169225
-0.447776
0.101327
-0.000030
0.000008
-0.000318
-0.925860
0.963974
2.315208
1.857455
-0.000596
-0.000077
0.000051
0.168731
-0.446442
0.101054
-0.000030
0.000007
-0.000317
-0.923244
0.960603
2.315194
1.852551
-0.000601
-0.000067
0.000052
0.168239
-0.445112
0.100782
-0.000031
0.000006
-0.000316
-0.920636
0.957243
2.315180
1.847659
-0.000604
-0.000058
0.000052
0.167748
-0.443788
0.100511
-0.000031
0.000005
-0.000315
-0.918034
0.953895
2.315166
1.842779
-0.000607
-0.000050
0.000053
0.167258
-0.442468
0.100241
-0.000032
0.000005
-0.000315
-0.915441
0.950559
2.315152
1.837910
-0.000609
-0.000043
0.000053
0.166770
-0.441152
0.099971
-0.000032
0.000004
0.009987
-0.922830
0.953948
2.315178
1.919647
0.088583
-0.006287
0.009317
0.157459
-0.437157
0.111309
0.012076
-0.000239
0.026861
-0.938180
0.962691
2.314945
1.923752
0.084664
-0.008075
0.012217
0.152884
-0.440629
0.107136
0.006242
0.000479
0.040495
-0.953491
0.971405
2.315051
1.952814
0.102516
-0.005267
0.005220
0.156945
-0.444010
0.110931
0.008815
0.000232
0.050625
-0.968756
0.980087
2.315160
1.984503
0.116747
-0.003279
-0.000095
0.159896
-0.447489
0.112272
0.008259
0.000155
0.057301
-0.983979
0.988738
2.315239
2.013423
0.121975
-0.001484
-0.004399
0.162592
-0.450970
0.113837
0.007704
0.000081
0.060849
-0.999159
0.997359
2.315330
2.042882
0.122993
0.000089
-0.007970
0.165438
-0.454428
0.115492
0.007105
0.000007
0.061815
-1.014296
1.005949
2.315420
2.072198
0.120550
0.001274
-0.010504
0.168243
-0.457878
0.117095
0.006439
-0.000050
0.060892
-1.029391
1.014508
2.315510
2.101364
0.116145
0.002036
-0.012029
0.171040
-0.461316
0.118700
0.005865
-0.000090
0.058828
-1.044442
1.023037
2.315599
2.130433
0.111214
0.002374
-0.012640
0.173832
-0.464742
0.120300
0.005446
-0.000112
0.056334
-1.059452
1.031535
2.315688
2.159393
0.106856
0.002334
-0.012508
0.176615
-0.468157
0.121894
0.005219
-0.000117
0.053999
-1.074418
1.040004
2.315778
2.188244
0.103775
0.002004
-0.011866
0.179391
-0.471561
0.123484
0.005176
-0.000108
0.052222
-1.089343
1.048442
2.315867
2.216989
0.102185
0.001506
-0.010976
0.182160
-0.474955
0.125068
0.005274
-0.000088
0.051165
-1.104225
1.056850
2.315958
2.245628
0.101795
0.000981
-0.010094
0.184922
-0.478338
0.126647
0.005431
-0.000062
0.050738
-1.119066
1.065228
2.316051
2.274160
0.101846
0.000573
-0.009446
0.187678
-0.481710
0.128220
0.005545
-0.000037
0.050610
-1.133864
1.073577
2.316144
2.302585
0.101208
0.000412
-0.009196
0.190427
-0.485073
0.129789
0.005499
-0.000016
0.050253
-1.148621
1.081895
2.316241
2.330904
0.098527
0.000595
-0.009430
0.193169
-0.488425
0.131352
0.005181
-0.000005
0.049011
-1.163336
1.090184
2.316337
2.359117
0.092390
0.001181
-0.010144
0.195904
-0.491767
0.132909
0.004496
-0.000007
0.046175
-1.178010
1.098444
2.316434
2.387222
0.081513
0.002173
-0.011245
0.198633
-0.495098
0.134461
0.003378
-0.000023
0.041085
-1.192642
1.106673
2.316532
2.415222
0.064912
0.003522
-0.012561
0.201355
-0.498419
0.136008
0.001800
-0.000052
0.033212
-1.207233
1.114874
2.316630
2.443117
0.042052
0.005126
-0.013857
0.204070
-0.501729
0.137550
-0.000217
-0.000093
0.022236
-1.221782
1.123045
2.316727
2.470912
0.012947
0.006841
-0.014869
0.206777
-0.505028
0.139087
-0.002609
-0.000142
0.008106
-1.236291
1.131187
2.316824
2.498610
-0.021794
0.008494
-0.015325
0.209476
-0.508317
0.140621
-0.005268
-0.000192
-0.008932
-1.250759
1.139300
2.316921
2.526215
-0.060978
0.009900
-0.014986
0.212167
-0.511595
0.142151
-0.008053
-0.000238
-0.028334
-1.265185
1.147384
2.317019
2.553732
-0.102909
0.010883
-0.013669
0.214850
-0.514865
0.143678
-0.010800
-0.000273
-0.049293
-1.279571
1.155439
2.317118
2.581160
-0.145515
0.011294
-0.011271
0.217527
-0.518125
0.145202
-0.013339
-0.000292
-0.070794
-1.293917
1.163466
2.317220
2.608496
-0.186517
0.011030
-0.007789
0.220198
-0.521378
0.146722
-0.015508
-0.000290
-0.091698
-1.308222
1.171463
2.317327
2.635734
-0.223625
0.010043
-0.003321
0.222865
-0.524624
0.148237
-0.017169
-0.000265
-0.110841
-1.322487
1.179432
2.317439
2.662865
-0.254738
0.008352
0.001936
0.225530
-0.527862
0.149744
-0.018217
-0.000217
-0.127130
-1.336712
1.187372
2.317544
2.689879
-0.278122
0.006041
0.007705
0.228192
-0.531093
0.151244
-0.018596
-0.000147
-0.139643
-1.350896
1.195284
2.317665
2.716769
-0.292565
0.003253
0.013647
0.230851
-0.534314
0.152734
-0.018297
-0.000059
-0.147706
-1.365040
1.203167
2.317800
2.743531
-0.297473
0.000178
0.019396
0.233505
-0.537525
0.154215
-0.017363
0.000039
-0.150951
-1.379145
1.211022
2.317923
2.770167
-0.292910
-0.002966
0.024590
0.236151
-0.540723
0.155688
-0.015883
0.000142
-0.149344
-1.393209
1.218849
2.318043
2.796683
-0.279579
-0.005951
0.028905
0.238788
-0.543908
0.157154
-0.013978
0.000241
-0.143180
-1.407234
1.226647
2.318159
2.823090
-0.258740
-0.008566
0.032083
0.241414
-0.547078
0.158614
-0.011796
0.000327
-0.133048
-1.421220
1.234418
2.318270
2.849399
-0.232073
-0.010631
0.033956
0.244028
-0.550234
0.160070
-0.009493
0.000395
-0.119770
-1.435165
1.242161
2.318378
2.875621
-0.201515
-0.012020
0.034463
0.246631
-0.553376
0.161523
-0.007218
0.000439
-0.104315
-1.449072
1.249876
2.318484
2.901762
-0.169062
-0.012673
0.033647
0.249223
-0.556506
0.162975
-0.005100
0.000457
-0.087707
-1.462939
1.257564
2.318586
2.927827
-0.136586
-0.012597
0.031653
0.251807
-0.559623
0.164424
-0.003235
0.000447
-0.070922
-1.476767
1.265224
2.318688
2.953813
-0.105666
-0.011870
0.028712
0.254385
-0.562732
0.165870
-0.001682
0.000412
-0.054806
-1.490556
1.272857
2.318791
2.979718
-0.077451
-0.010629
0.025112
0.256958
-0.565831
0.167313
-0.000453
0.000356
-0.039996
-1.504306
1.280462
2.318891
3.005536
-0.052581
-0.009057
0.021171
0.259528
-0.568923
0.168752
0.000480
0.000285
-0.026876
-1.518018
1.288040
2.318999
3.031263
-0.031165
-0.007359
0.017202
0.262094
-0.572006
0.170186
0.001181
0.000207
-0.015554
-1.531691
1.295591
2.319114
3.056896
-0.012812
-0.005743
0.013484
0.264656
-0.575083
0.171615
0.001741
0.000129
-0.005878
-1.545325
1.303114
2.319237
3.082433
0.003276
-0.004397
0.010235
0.267213
-0.578151
0.173039
0.002262
0.000060
0.002524
-1.558921
1.310611
2.319351
3.107875
0.018170
-0.003463
0.007588
0.269764
-0.581210
0.174458
0.002849
0.000005
0.010183
-1.572478
1.318080
2.319467
3.133223
0.033050
-0.003029
0.005589
0.272308
-0.584261
0.175872
0.003591
-0.000031
0.017702
-1.585998
1.325523
2.319586
3.158477
0.049034
-0.003109
0.004186
0.274845
-0.587302
0.177282
0.004551
-0.000046
0.025669
-1.599479
1.332939
2.319702
3.183640
0.067005
-0.003651
0.003248
0.277375
-0.590335
0.178688
0.005755
-0.000042
0.034571
-1.612922
1.340328
2.319822
3.208713
0.087479
-0.004534
0.002582
0.279897
-0.593358
0.180090
0.007190
-0.000020
0.044716
-1.626327
1.347690
2.319945
3.233698
0.110506
-0.005585
0.001954
0.282412
-0.596372
0.181487
0.008802
0.000014
0.056179
-1.639695
1.355026
2.320067
3.258598
0.135625
-0.006599
0.001126
0.284921
-0.599377
0.182881
0.010498
0.000052
0.068774
-1.653025
1.362335
2.320190
3.283412
0.161880
-0.007359
-0.000117
0.287423
-0.602374
0.184272
0.012158
0.000087
0.082056
-1.666317
1.369618
2.320314
3.308140
0.187895
-0.007664
-0.001940
0.289918
-0.605362
0.185658
0.013645
0.000112
0.095349
-1.679572
1.376875
2.320439
3.332779
0.211992
-0.007349
-0.004431
0.292409
-0.608342
0.187039
0.014819
0.000120
0.107809
-1.692789
1.384105
2.320568
3.357324
0.232357
-0.006312
-0.007589
0.294895
-0.611314
0.188415
0.015552
0.000107
0.118504
-1.705969
1.391310
2.320699
3.381769
0.247215
-0.004522
-0.011320
0.297377
-0.614277
0.189784
0.015742
0.000069
0.126502
-1.719113
1.398488
2.320832
3.406108
0.255021
-0.002029
-0.015442
0.299854
-0.617230
0.191146
0.015323
0.000008
0.130974
-1.732219
1.405640
2.320963
3.430338
0.254619
0.001039
-0.019699
0.302327
-0.620174
0.192499
0.014276
-0.000073
0.131278
-1.745288
1.412766
2.321097
3.454458
0.245381
0.004484
-0.023788
0.304793
-0.623106
0.193846
0.012631
-0.000169
0.127034
-1.758320
1.419867
2.321230
3.478475
0.227285
0.008058
-0.027384
0.307250
-0.626026
0.195186
0.010464
-0.000272
0.118174
-1.771315
1.426942
2.321358
3.502397
0.200942
0.011484
-0.030177
0.309698
-0.628934
0.196522
0.007892
-0.000373
0.104959
-1.784274
1.433991
2.321483
3.526236
0.167562
0.014486
-0.031900
0.312134
-0.631828
0.197855
0.005067
-0.000461
0.087970
-1.797196
1.441015
2.321602
3.550006
0.128858
0.016814
-0.032362
0.314558
-0.634711
0.199187
0.002155
-0.000529
0.068061
-1.810082
1.448014
2.321721
3.573715
0.086907
0.018269
-0.031461
0.316971
-0.637582
0.200519
-0.000672
-0.000569
0.046293
-1.822931
1.454987
2.321836
3.597366
0.043975
0.018726
-0.029204
0.319377
-0.640443
0.201850
-0.003254
-0.000577
0.023844
-1.835745
1.461936
2.321952
3.620959
0.002322
0.018145
-0.025703
0.321778
-0.643296
0.203181
-0.005458
-0.000549
0.001905
-1.848522
1.468859
2.322070
3.644484
-0.035985
0.016576
-0.021168
0.324176
-0.646141
0.204508
-0.007188
-0.000487
-0.018413
-1.861263
1.475757
2.322193
3.667931
-0.069240
0.014158
-0.015890
0.326574
-0.648981
0.205831
-0.008391
-0.000396
-0.036178
-1.873969
1.482630
2.322315
3.691288
-0.096231
0.011099
-0.010212
0.328971
-0.651815
0.207147
-0.009062
-0.000282
-0.050704
-1.886638
1.489478
2.322446
3.714546
-0.116314
0.007662
-0.004496
0.331368
-0.654642
0.208456
-0.009240
-0.000155
-0.061603
-1.899272
1.496301
2.322581
3.737701
-0.129435
0.004135
0.000905
0.333761
-0.657462
0.209758
-0.009002
-0.000024
-0.068797
-1.911871
1.503099
2.322718
3.760753
-0.136095
0.000800
0.005683
0.336149
-0.660274
0.211053
-0.008456
0.000100
-0.072507
-1.924433
1.509873
2.322861
3.783707
-0.137251
-0.002090
0.009601
0.338529
-0.663076
0.212342
-0.007722
0.000207
-0.073206
-1.936961
1.516622
2.322998
3.806568
-0.134187
-0.004342
0.012513
0.340899
-0.665869
0.213627
-0.006922
0.000290
-0.071555
-1.949453
1.523346
2.323134
3.829344
-0.128342
-0.005838
0.014370
0.343259
-0.668651
0.214907
-0.006166
0.000344
-0.068312
-1.961910
1.530047
2.323269
3.852041
-0.121141
-0.006548
0.015225
0.345610
-0.671422
0.216185
-0.005539
0.000366
-0.064245
-1.974332
1.536722
2.323400
3.874662
-0.113825
-0.006529
0.015219
0.347952
-0.674184
0.217459
-0.005091
0.000359
-0.060038
-1.986719
1.543374
2.323531
3.897208
-0.107308
-0.005921
0.014562
0.350286
-0.676936
0.218730
-0.004833
0.000327
-0.056215
-1.999071
1.550001
2.323657
3.919680
-0.102083
-0.004927
0.013507
0.352614
-0.679679
0.219998
-0.004738
0.000275
-0.053081
-2.011388
1.556605
2.323790
3.942077
-0.098169
-0.003790
0.012318
0.354937
-0.682414
0.221263
-0.004742
0.000214
-0.050692
-2.023671
1.563184
2.323924
3.964398
-0.095122
-0.002764
0.011240
0.357254
-0.685140
0.222523
-0.004755
0.000151
-0.048853
-2.035919
1.569739
2.324060
3.986643
-0.092099
-0.002086
0.010471
0.359566
-0.687857
0.223780
-0.004671
0.000098
-0.047149
-2.048132
1.576271
2.324196
4.008810
-0.087968
-0.001947
0.010139
0.361872
-0.690566
0.225033
-0.004380
0.000060
-0.044997
-2.060311
1.582779
2.324332
4.030898
-0.081457
-0.002468
0.010286
0.364173
-0.693266
0.226282
-0.003784
0.000044
-0.041726
-2.072456
1.589263
2.324470
4.052909
-0.071322
-0.003685
0.010867
0.366468
-0.695957
0.227527
-0.002810
0.000053
-0.036664
-2.084567
1.595723
2.324605
4.074840
-0.056517
-0.005542
0.011749
0.368757
-0.698639
0.228768
-0.001419
0.000086
-0.029226
-2.096643
1.602160
2.324734
4.096696
-0.036341
-0.007895
0.012734
0.371039
-0.701313
0.230006
0.000386
0.000139
-0.019003
-2.108686
1.608573
2.324880
4.118479
-0.010562
-0.010524
0.013577
0.373314
-0.703977
0.231241
0.002559
0.000205
-0.005824
-2.120694
1.614964
2.325016
4.140195
0.020516
-0.013156
0.014013
0.375582
-0.706633
0.232473
0.005010
0.000277
0.000622
-2.132670
1.614617
2.325146
4.160128
-0.024244
-0.001966
0.005092
0.377582
-0.711970
0.233802
-0.003931
0.000859
0.000621
-2.134636
1.608904
2.325219
4.104575
0.000052
0.003761
-0.001008
0.388349
-0.709901
0.224067
0.001455
-0.000512
0.000618
-2.128614
1.603211
2.325786
4.119002
0.000763
0.001689
0.000203
0.394524
-0.707654
0.228646
-0.000395
-0.000198
0.000616
-2.122606
1.597538
2.325718
4.109344
-0.000774
0.001325
0.000301
0.392294
-0.705587
0.226133
-0.000117
-0.000131
0.000615
-2.116615
1.591885
2.325599
4.097194
-0.000180
0.001216
0.000133
0.391010
-0.703307
0.225777
-0.000064
-0.000118
0.000613
-2.110642
1.586252
2.325549
4.087433
0.000068
0.001027
0.000101
0.389964
-0.701014
0.225242
-0.000055
-0.000103
0.000611
-2.104685
1.580640
2.325482
4.077131
0.000227
0.000863
0.000071
0.388788
-0.698749
0.224620
-0.000036
-0.000087
0.000610
-2.098745
1.575047
2.325416
4.066868
0.000372
0.000729
0.000042
0.387642
-0.696487
0.224040
-0.000020
-0.000073
0.000608
-2.092822
1.569475
2.325350
4.056658
0.000497
0.000616
0.000018
0.386500
-0.694234
0.223454
-0.000007
-0.000062
0.000606
-2.086915
1.563922
2.325284
4.046458
0.000601
0.000521
-0.000002
0.385359
-0.691989
0.222869
0.000004
-0.000052
0.000604
-2.081025
1.558389
2.325213
4.036281
0.000688
0.000440
-0.000019
0.384223
-0.689752
0.222286
0.000014
-0.000044
0.000603
-2.075152
1.552876
2.325144
4.026126
0.000760
0.000372
-0.000033
0.383089
-0.687523
0.221705
0.000021
-0.000037
0.000601
-2.069295
1.547383
2.325072
4.015991
0.000821
0.000315
-0.000045
0.381960
-0.685303
0.221124
0.000028
-0.000031
0.000599
-2.063455
1.541909
2.325011
4.005877
0.000872
0.000266
-0.000055
0.380833
-0.683091
0.220546
0.000033
-0.000026
0.000598
-2.057631
1.536455
2.324951
3.995785
0.000914
0.000225
-0.000064
0.379711
-0.680886
0.219968
0.000038
-0.000022
0.000596
-2.051823
1.531020
2.324892
3.985713
0.000950
0.000190
-0.000071
0.378591
-0.678690
0.219392
0.000042
-0.000019
0.000594
-2.046032
1.525605
2.324827
3.975663
0.000979
0.000161
-0.000076
0.377475
-0.676502
0.218817
0.000045
-0.000016
0.000593
-2.040257
1.520209
2.324762
3.965634
0.001003
0.000136
-0.000081
0.376363
-0.674321
0.218244
0.000048
-0.000014
0.000591
-2.034499
1.514832
2.324697
3.955626
0.001023
0.000115
-0.000085
0.375254
-0.672149
0.217672
0.000050
-0.000011
0.000589
-2.028756
1.509475
2.324632
3.945639
0.001040
0.000098
-0.000089
0.374148
-0.669984
0.217101
0.000052
-0.000010
0.000588
-2.023030
1.504136
2.324568
3.935673
0.001053
0.000083
-0.000091
0.373046
-0.667827
0.216531
0.000053
-0.000008
0.000586
-2.017320
1.498817
2.324504
3.925728
0.001064
0.000070
-0.000094
0.371947
-0.665679
0.215963
0.000055
-0.000007
0.000584
-2.011626
1.493517
2.324441
3.915803
0.001073
0.000060
-0.000096
0.370851
-0.663538
0.215397
0.000056
-0.000006
0.000583
-2.005948
1.488235
2.324378
3.905900
0.001080
0.000050
-0.000097
0.369759
-0.661404
0.214831
0.000057
-0.000005
0.000581
-2.000286
1.482973
2.324315
3.896018
0.001085
0.000043
-0.000098
0.368670
-0.659279
0.214267
0.000057
-0.000004
0.000579
-1.994640
1.477729
2.324253
3.886157
0.001089
0.000036
-0.000099
0.367584
-0.657161
0.213705
0.000058
-0.000004
0.000578
-1.989010
1.472504
2.324191
3.876317
0.001092
0.000031
-0.000100
0.366502
-0.655051
0.213143
0.000058
-0.000003
0.000576
-1.983396
1.467297
2.324129
3.866497
0.001094
0.000026
-0.000101
0.365423
-0.652949
0.212583
0.000059
-0.000003
0.000574
-1.977797
1.462109
2.324068
3.856699
0.001096
0.000022
-0.000101
0.364347
-0.650854
0.212025
0.000059
-0.000002
0.000573
-1.972214
1.456940
2.324007
3.846921
0.001096
0.000019
-0.000102
0.363274
-0.648767
0.211467
0.000059
-0.000002
0.000571
-1.966647
1.451789
2.323946
3.837164
0.001096
0.000016
-0.000102
0.362205
-0.646687
0.210911
0.000059
-0.000002
0.000570
-1.961096
1.446657
2.323886
3.827428
0.001096
0.000014
-0.000102
0.361139
-0.644616
0.210356
0.000059
-0.000001
0.000568
-1.955560
1.441542
2.323826
3.817713
0.001095
0.000012
-0.000102
0.360077
-0.642551
0.209803
0.000060
-0.000001
0.000566
-1.950040
1.436446
2.323774
3.808018
0.001094
0.000010
-0.000102
0.359017
-0.640494
0.209251
0.000060
-0.000001
0.000565
-1.944536
1.431369
2.323716
3.798345
0.001093
0.000009
-0.000102
0.357961
-0.638445
0.208700
0.000060
-0.000001
0.000563
-1.939047
1.426309
2.323657
3.788692
0.001092
0.000008
-0.000102
0.356908
-0.636403
0.208151
0.000060
-0.000001
0.000562
-1.933573
1.421267
2.323599
3.779059
0.001090
0.000006
-0.000102
0.355858
-0.634368
0.207603
0.000059
-0.000001
0.000560
-1.928115
1.416244
2.323541
3.769448
0.001088
0.000006
-0.000102
0.354812
-0.632341
0.207056
0.000059
-0.000000
0.000558
-1.922672
1.411238
2.323483
3.759857
0.001086
0.000005
-0.000102
0.353768
-0.630321
0.206510
0.000059
-0.000000
0.000557
-1.917245
1.406250
2.323428
3.750287
0.001084
0.000004
-0.000102
0.352728
-0.628309
0.205966
0.000059
-0.000000
0.000555
-1.911832
1.401280
2.323370
3.740737
0.001082
0.000004
-0.000101
0.351691
-0.626304
0.205423
0.000059
-0.000000
0.000554
-1.906435
1.396328
2.323314
3.731209
0.001080
0.000003
-0.000101
0.350657
-0.624306
0.204882
0.000059
-0.000000
0.000552
-1.901054
1.391393
2.323257
3.721700
0.001077
0.000003
-0.000101
0.349626
-0.622315
0.204341
0.000059
-0.000000
0.000551
-1.895687
1.386476
2.323201
3.712212
0.001075
0.000003
-0.000101
0.348599
-0.620332
0.203803
0.000059
-0.000000
0.000549
-1.890336
1.381576
2.323145
3.702745
0.001072
0.000002
-0.000100
0.347574
-0.618355
0.203265
0.000059
-0.000000
0.000547
-1.884999
1.376694
2.323089
3.693299
0.001070
0.000002
-0.000100
0.346553
-0.616386
0.202728
0.000059
-0.000000
0.000546
-1.879678
1.371830
2.323032
3.683872
0.001067
0.000002
-0.000100
0.345534
-0.614424
0.202193
0.000058
-0.000000
0.000544
-1.874371
1.366982
2.322977
3.674467
0.001065
0.000002
-0.000100
0.344519
-0.612470
0.201659
0.000058
-0.000000
0.000543
-1.869080
1.362152
2.322922
3.665082
0.001062
0.000001
-0.000099
0.343507
-0.610522
0.201127
0.000058
-0.000000
0.000541
-1.863803
1.357339
2.322868
3.655717
0.001060
0.000001
-0.000099
0.342498
-0.608582
0.200596
0.000058
-0.000000
0.000540
-1.858542
1.352544
2.322814
3.646373
0.001057
0.000001
-0.000099
0.341492
-0.606648
0.200066
0.000058
-0.000000
0.000538
-1.853295
1.347765
2.322760
3.637049
0.001054
0.000001
-0.000099
0.340489
-0.604721
0.199537
0.000058
-0.000000
0.000537
-1.848063
1.343003
2.322706
3.627745
0.001052
0.000001
-0.000098
0.339489
-0.602802
0.199010
0.000058
-0.000000
0.000535
-1.842846
1.338259
2.322652
3.618462
0.001049
0.000001
-0.000098
0.338493
-0.600889
0.198483
0.000057
-0.000000
0.000534
-1.837643
1.333531
2.322599
3.609199
0.001047
0.000001
-0.000098
0.337499
-0.598984
0.197958
0.000057
-0.000000
0.000532
-1.832455
1.328820
2.322543
3.599957
0.001044
0.000001
-0.000097
0.336508
-0.597085
0.197435
0.000057
-0.000000
0.000531
-1.827282
1.324126
2.322490
3.590735
0.001041
0.000001
-0.000097
0.335520
-0.595193
0.196913
0.000057
-0.000000
0.000529
-1.822123
1.319449
2.322438
3.581533
0.001039
0.000001
-0.000097
0.334536
-0.593308
0.196391
0.000057
-0.000000
0.000528
-1.816979
1.314788
2.322385
3.572351
0.001036
0.000001
-0.000097
0.333554
-0.591430
0.195872
0.000057
-0.000000
0.000526
-1.811849
1.310144
2.322334
3.563189
0.001033
0.000001
-0.000096
0.332575
-0.589559
0.195353
0.000057
-0.000000
0.000525
-1.806734
1.305517
2.322282
3.554048
0.001031
0.000001
-0.000096
0.331599
-0.587694
0.194836
0.000056
-0.000000
