2.000000
0.000000
5.000000
1.000000
0.000000
0.000000
0.000000
0.000000
0.000000
0.000000
0.000000
0.000000
0.000000
2.000000
-0.000000
5.000428
1.000000
0.000000
0.000000
-0.000000
0.000000
-0.000000
0.000857
0.000000
0.000000
-0.000000
2.000000
-0.000000
5.000672
1.000000
0.000000
-0.000000
-0.000000
0.000000
-0.000000
-0.000370
0.000000
-0.000000
-0.000000
2.000000
-0.000000
5.000566
1.000000
-0.000000
-0.000000
-0.000000
-0.000000
-0.000000
0.000159
-0.000000
0.000000
0.000000
2.000000
-0.000000
5.000612
1.000000
0.000000
0.000000
-0.000000
0.000000
0.000000
-0.000068
0.000000
-0.000000
-0.000000
2.000000
-0.000000
5.000592
1.000000
-0.000000
-0.000000
-0.000000
0.000000
-0.000000
0.000029
-0.000000
-0.000000
-0.000000
2.000000
0.000000
5.000601
1.000000
0.000000
0.000000
-0.000000
-0.000000
0.000000
-0.000013
0.000000
0.000000
0.000000
2.000000
-0.000000
5.000597
1.000000
-0.000000
-0.000000
0.000000
0.000000
-0.000000
0.000005
-0.000000
-0.000000
-0.000000
2.000000
0.000000
5.000599
1.000000
-0.000000
-0.000000
-0.000000
-0.000000
0.000000
-0.000002
0.000000
0.000000
-0.000000
2.000000
0.000000
5.000598
1.000000
0.000000
0.000000
-0.000000
0.000000
-0.000000
0.000001
-0.000000
-0.000000
-0.000000
2.000000
0.000000
5.000598
1.000000
-0.000000
-0.000000
-0.000000
-0.000000
-0.000000
-0.000000
0.000000
0.000000
0.000000
2.000000
-0.000000
5.000598
1.000000
-0.000000
0.000000
-0.000000
-0.000000
-0.000000
0.000000
-0.000000
0.000000
-0.000000
2.000000
-0.000000
5.000598
1.000000
-0.000000
-0.000000
-0.000000
0.000000
0.000000
-0.000000
0.000000
-0.000000
-0.000000
2.000000
0.000000
5.000598
1.000000
0.000000
-0.000000
-0.000000
-0.000000
-0.000000
0.000000
-0.000000
0.000000
-0.000000
2.000000
0.000000
5.000598
1.000000
0.000000
0.000000
-0.000000
-0.000000
0.000000
-0.000000
0.000000
0.000000
-0.000000
2.000000
-0.000000
5.000598
1.000000
0.000000
0.000000
-0.000000
0.000000
-0.000000
0.000000
-0.000000
-0.000000
0.000000
2.000000
-0.000000
5.000598
1.000000
-0.000000
-0.000000
-0.000000
0.000000
-0.000000
-0.000000
-0.000000
-0.000000
-0.000000
2.000000
-0.000000
5.000598
1.000000
-0.000000
-0.000000
-0.000000
-0.000000
0.000000
0.000000
0.000000
0.000000
0.000000
2.000000
0.000000
5.000598
1.000000
0.000000
0.000000
-0.000000
0.000000
0.000000
-0.000000
0.000000
-0.000000
-0.000000
2.000000
0.000000
5.000598
1.000000
0.000000
-0.000000
-0.000000
0.000000
-0.000000
0.000000
-0.000000
-0.000000
-0.000000
2.000000
-0.000000
5.000598
1.000000
-0.000000
-0.000000
-0.000000
-0.000000
-0.000000
-0.000000
0.000000
0.000000
0.000000
2.000000
-0.000000
5.000598
1.000000
-0.000000
-0.000000
-0.000000
0.000000
0.000000
0.000000
-0.000000
-0.000000
0.000000
2.000000
0.000000
5.000598
1.000000
0.000000
0.000000
-0.000000
-0.000000
0.000000
-0.000000
0.000000
0.000000
0.000000
2.000000
0.000000
5.000598
1.000000
-0.000000
0.000000
-0.000000
0.000000
-0.000000
0.000000
-0.000000
-0.000000
0.000000
2.000000
-0.000000
5.000598
1.000000
-0.000000
0.000000
-0.000000
0.000000
0.000000
-0.000000
0.000000
0.000000
-0.000000
2.000000
-0.000000
5.000598
1.000000
0.000000
-0.000000
-0.000000
0.000000
-0.000000
0.000000
-0.000000
-0.000000
0.000000
2.000000
-0.000000
5.000598
1.000000
-0.000000
-0.000000
-0.000000
-0.000000
0.000000
-0.000000
0.000000
0.000000
0.000000
2.000000
-0.000000
5.000598
1.000000
0.000000
0.000000
-0.000000
0.000000
-0.000000
0.000000
-0.000000
-0.000000
-0.000000
2.000000
-0.000000
5.000598
1.000000
0.000000
-0.000000
-0.000000
0.000000
0.000000
-0.000000
0.000000
0.000000
-0.000000
2.000000
-0.000000
5.000598
1.000000
-0.000000
0.000000
-0.000000
0.000000
-0.000000
0.000000
-0.000000
-0.000000
0.000000
