0.000000
2.000000
250.000000
1.000000
0.000000
0.000000
0.000000
0.000000
0.000000
0.000000
0.000000
0.000000
0.000000
0.000000
2.000000
250.000012
1.000000
-0.000000
0.000000
0.000000
0.000000
0.000000
0.000025
-0.000000
0.000000
0.000000
0.070275
2.023529
249.778938
1.000000
-0.014391
0.042982
0.000000
0.281099
0.094116
-0.442173
-0.057564
0.171927
0.000000
0.882447
2.302610
249.131690
0.999078
-0.022790
0.057746
0.009733
1.501664
0.506294
-0.658456
0.022784
-0.113130
0.037817
2.685722
2.990586
248.137282
0.999953
-0.012690
0.018260
0.028199
2.144352
0.744467
-1.040613
0.012037
-0.046549
0.034561
4.843170
3.943002
246.902628
0.998285
-0.013551
-0.005471
0.066077
2.277831
0.802666
-1.333051
-0.019124
-0.049023
0.116035
6.878022
5.134728
245.505149
0.991487
-0.011839
-0.023711
0.130666
2.049637
0.821374
-1.531171
0.022404
-0.027175
0.142345
8.439054
6.490538
243.981138
0.973290
-0.014196
-0.035940
0.232812
1.639734
0.745552
-1.664204
-0.029713
-0.024455
0.272343
9.276171
7.941789
242.327390
0.927161
-0.020044
-0.038823
0.377033
1.246145
0.888745
-1.741633
0.020744
0.006357
0.333305
9.307055
9.467080
240.541504
0.865340
-0.020418
-0.026027
0.501478
1.143702
1.151163
-1.812552
0.011939
0.022629
0.222986
8.700992
11.073909
238.642022
0.818677
-0.019970
-0.019290
0.574591
1.244983
1.484585
-1.887440
0.007153
-0.010313
0.124324
7.584845
12.770332
236.656639
0.806083
-0.013191
-0.010592
0.592156
1.250460
1.836497
-1.961535
0.035582
0.019636
-0.037833
6.163758
14.546010
234.619918
0.829209
-0.005550
-0.000069
0.559438
1.146556
2.066187
-2.031136
0.013789
-0.002212
-0.122123
4.672358
16.395598
232.553824
0.861944
0.000196
-0.000238
0.507381
0.897915
2.204117
-2.079324
0.005681
-0.009827
-0.123841
3.195835
18.249377
230.466973
0.904140
0.000625
0.011092
0.428230
0.576126
2.254985
-2.111961
0.018464
0.046917
-0.235087
1.908232
20.158610
228.361711
0.939067
0.002820
0.008600
0.344094
0.404758
2.199363
-2.133405
-0.010719
-0.061194
-0.129087
0.794329
22.077572
226.239656
0.962142
0.001389
0.004894
0.273069
0.085699
2.167463
-2.143627
0.002110
0.047471
-0.169603
-0.196476
23.990497
224.102462
0.981472
-0.000592
0.012888
0.192611
-0.016296
2.111192
-2.154355
0.000185
-0.015918
-0.161503
-0.966701
25.945844
221.954018
0.991349
0.001084
0.003989
0.132248
-0.146105
2.062421
-2.161426
0.003145
-0.020450
-0.083095
-1.626943
27.894165
219.797790
0.998350
-0.000702
0.012996
0.065069
-0.279620
1.998363
-2.170811
-0.004594
0.055751
-0.187161
-2.036592
29.854119
217.634989
0.999995
-0.000807
0.019144
-0.020815
-0.207704
1.960848
-2.171644
0.009759
-0.031619
-0.156283
-2.081911
31.819577
215.464672
0.994251
-0.002224
0.019757
-0.110970
-0.234544
1.948168
-2.171853
-0.009568
0.033593
-0.205138
-1.723769
33.771915
213.279803
0.976297
-0.005902
0.030454
-0.219456
-0.135867
2.069793
-2.161464
-0.002933
0.007884
-0.234776
-0.789481
35.700668
211.070482
0.952497
-0.010514
0.024788
-0.305307
-0.044548
2.345329
-2.149289
-0.000057
-0.029700
-0.122043
0.669286
37.659683
208.838325
0.931078
-0.009894
0.025847
-0.366367
-0.013879
2.678376
-2.154996
0.005141
0.037409
-0.136588
2.637512
39.609755
206.589385
0.923264
-0.009246
0.013613
-0.385303
0.202345
2.974952
-2.171084
0.018205
-0.079059
0.054486
4.897352
41.614814
204.354169
0.935363
-0.003960
-0.003646
-0.354738
0.295333
3.062595
-2.208600
0.026865
0.022556
0.076196
7.132092
43.686333
202.160567
0.947091
0.010883
-0.003043
-0.321586
0.509632
2.882807
-2.233888
0.028237
-0.000152
0.064327
9.181398
45.637237
200.011433
0.984120
-0.002383
-0.047961
-0.198288
0.696449
2.444265
-2.249404
-0.018626
-0.178157
0.453508
10.359219
47.706532
197.883554
1.000283
0.006014
-0.053381
-0.000034
0.320184
2.107236
-2.196305
0.092241
0.162124
0.335516
10.547436
49.725921
195.735461
0.980782
-0.003767
-0.041583
0.203328
0.472247
1.845025
-2.175721
-0.093573
-0.111048
0.481860
9.866352
51.608205
193.535962
0.916943
-0.024452
-0.056427
0.398379
0.299105
2.395281
-2.078359
0.028949
0.059194
0.341687
8.058713
53.491999
191.265023
0.862903
-0.025276
-0.032436
0.506229
0.518072
3.061509
-2.096235
0.026907
0.006855
0.142882
5.468474
55.473563
188.960067
0.855807
-0.020610
-0.010681
0.519469
0.530225
3.579453
-2.152529
0.035490
0.051230
-0.081607
2.444207
57.589892
186.676750
0.832904
0.019434
-0.049917
0.567575
0.424781
3.773184
-2.228958
0.015318
-0.260850
0.291243
-1.078807
59.140873
184.372020
0.923057
-0.049647
0.077636
0.451516
-0.589941
3.776540
-2.408717
0.057057
0.830073
-0.876944
-3.658410
61.591128
181.917951
0.979262
0.032693
0.030258
0.235521
0.272490
3.257373
-2.782243
0.280041
-1.063356
0.076111
-5.524062
63.755680
179.448657
0.953881
0.056578
-0.056737
0.341138
-1.512519
2.066913
-2.499832
-0.297272
0.718353
0.377971
-7.637973
64.928474
177.264736
1.018386
-0.066040
0.139997
0.157208
-0.394405
2.219901
-1.946469
0.193832
0.206987
-1.143176
-7.840908
67.073315
175.254317
0.984088
0.009127
0.032682
-0.219533
-0.085242
2.445571
-2.070280
0.292040
-0.502037
-0.294769
-7.249344
69.253907
173.141533
0.953634
0.008277
-0.013991
-0.306109
-1.111120
1.730790
-2.212790
-0.236804
0.321183
-0.062218
-6.745827
71.254962
170.992812
0.912772
-0.010940
0.075951
-0.436577
-0.487039
2.175331
-2.038352
0.049366
-0.007603
-0.483248
-5.131844
72.979268
168.843425
0.938225
-0.028636
-0.055838
-0.407917
-0.358349
2.547452
-2.100222
0.155234
-0.479080
0.629168
-3.980238
75.298526
166.599446
0.958696
0.005640
0.021106
-0.352403
-1.204439
2.460273
-2.342074
-0.099370
0.793790
-0.417550
-2.649616
77.473755
164.293987
0.939150
0.007483
0.019479
-0.361218
0.490331
2.536856
-2.299396
0.104791
-0.792012
0.360928
-1.229069
79.317792
162.061991
0.987493
-0.002903
-0.069380
-0.182887
-0.542871
2.115396
-2.178051
-0.038422
0.448140
0.369107
-0.758591
81.433346
159.943414
0.997339
0.010394
0.069362
-0.196974
0.201148
2.168137
-2.035039
0.028916
0.114971
-0.422814
0.551888
83.258786
157.818385
1.005927
-0.020622
-0.040528
-0.156997
0.792863
2.190011
-2.200392
-0.032382
-0.566458
0.586501
1.328536
85.302262
155.604518
1.003885
0.001030
-0.027778
-0.026480
-0.254752
2.255070
-2.233178
0.138858
0.603536
-0.088038
1.629198
87.397198
153.411649
0.999928
0.011090
0.030630
-0.033650
0.807547
1.878925
-2.155727
-0.111623
-0.369507
0.055427
2.270902
89.294098
151.281403
1.003614
-0.013611
-0.062866
0.094471
0.300788
1.965160
-2.095245
0.020055
-0.003066
0.456649
1.958940
91.302024
149.146693
0.992563
-0.004241
0.010224
0.161022
0.136124
2.151312
-2.120721
0.084967
0.273727
-0.189006
1.629465
93.418640
146.972359
0.981593
-0.004295
-0.024589
0.229602
0.691712
2.014668
-2.221886
-0.107465
-0.405473
0.467059
0.852531
95.403530
144.754651
0.941045
-0.007992
-0.042074
0.339694
-0.085421
2.393268
-2.117231
0.082637
0.334929
-0.001790
-0.640951
97.322117
142.547405
0.946812
-0.017012
0.013521
0.327489
0.290346
2.568104
-2.135544
-0.042748
-0.116599
-0.049519
-2.196887
99.498456
140.349867
0.908227
0.013298
-0.079594
0.460539
0.160897
2.845170
-2.132040
0.029589
-0.272705
0.596210
-4.754304
101.029470
138.044419
0.940457
-0.047791
0.055425
0.418610
-0.570689
3.162562
-2.328309
0.061375
0.850805
-0.803813
-6.773132
103.292654
135.607173
0.980644
0.018484
0.018301
0.245734
0.537890
2.952664
-2.599794
0.196826
-1.021598
0.165776
-8.339297
105.423336
133.188271
0.955717
0.038870
-0.045585
0.314385
-1.294597
2.136403
-2.395255
-0.198677
0.761193
0.131900
-10.100509
106.845075
131.037124
1.035124
-0.049072
0.143674
0.078230
-0.101718
2.052317
-1.960469
0.125319
0.067240
-1.120997
-9.751219
108.952694
129.036224
0.968567
-0.000474
0.026086
-0.283596
-0.033616
2.598839
-1.950717
0.276240
-0.399633
-0.294184
-8.644484
111.148464
127.156025
0.917165
0.000834
0.009628
-0.406573
-0.987936
2.105293
-1.808561
-0.241563
0.337808
-0.233877
-7.303101
113.121063
125.605746
0.884807
0.012151
0.039399
-0.468698
-0.238807
2.521505
-1.290437
0.231046
-0.209331
-0.039884
-5.524382
114.618559
124.469503
0.926887
0.012363
-0.053252
-0.390879
-0.130266
1.921777
-1.099614
-0.060907
-0.111180
0.404449
-4.610323
116.177105
123.557321
0.953527
0.016139
0.004355
-0.313321
-0.480891
1.624967
-0.886025
0.015003
0.342880
-0.079196
-3.800320
117.435151
122.814822
0.951434
0.020747
0.015927
-0.308556
0.383571
1.310170
-0.679857
-0.013422
-0.292787
0.094019
-2.894602
118.247637
122.237417
0.965362
0.005063
-0.023924
-0.260222
0.100537
1.031966
-0.528955
-0.000690
0.124856
0.109620
-2.374451
119.031931
121.786415
0.975439
0.010444
0.002608
-0.220200
0.151594
0.825791
-0.414524
-0.001634
-0.014953
0.054343
-1.899358
119.628711
121.426882
0.981053
0.007056
-0.003464
-0.193609
0.210541
0.643225
-0.329538
-0.006743
-0.010674
0.054597
-1.510201
120.097688
121.139994
0.985536
0.004980
-0.003900
-0.169360
0.173449
0.510413
-0.261582
-0.000857
0.008113
0.044095
-1.210366
120.480074
120.910757
0.988760
0.004397
-0.002108
-0.149435
0.156636
0.402698
-0.207799
-0.002401
-0.000988
0.036609
-0.967420
120.784147
120.727640
0.991149
0.003360
-0.002085
-0.132696
0.137340
0.317586
-0.165362
-0.001615
0.000777
0.031036
-0.773437
121.027451
120.581359
0.992962
0.002675
-0.001671
-0.118397
0.116570
0.251093
-0.131672
-0.001228
0.000709
0.026619
-0.618540
121.222192
120.464493
0.994358
0.002132
-0.001348
-0.106051
0.098285
0.198556
-0.104916
-0.001014
0.000459
0.023079
-0.494615
121.377917
120.371127
0.995447
0.001691
-0.001103
-0.095292
0.082045
0.157138
-0.083643
-0.000793
0.000424
0.020177
-0.395538
121.502475
120.296536
0.996307
0.001345
-0.000894
-0.085848
0.067987
0.124462
-0.066711
-0.000628
0.000347
0.017755
-0.316313
121.602099
120.236942
0.996991
0.001071
-0.000724
-0.077511
0.056041
0.098648
-0.053225
-0.000499
0.000284
0.015704
-0.252958
121.681775
120.189331
0.997538
0.000852
-0.000585
-0.070118
0.045989
0.078241
-0.042477
-0.000396
0.000234
0.013950
-0.202295
121.745498
120.151292
0.997979
0.000679
-0.000473
-0.063536
0.037606
0.062096
-0.033907
-0.000314
0.000191
0.012437
-0.161780
121.796462
120.120900
0.998336
0.000541
-0.000381
-0.057657
0.030661
0.049311
-0.027071
-0.000250
0.000156
0.011122
-0.129379
121.837220
120.096619
0.998627
0.000431
-0.000307
-0.052392
0.024937
0.039181
-0.021617
-0.000198
0.000127
0.009973
-0.103468
121.869817
120.077220
0.998863
0.000343
-0.000247
-0.047663
0.020240
0.031148
-0.017263
-0.000158
0.000103
0.008964
-0.082746
121.895887
120.061720
0.999057
0.000274
-0.000199
-0.043408
0.016399
0.024774
-0.013787
-0.000125
0.000083
0.008075
-0.066175
121.916736
120.049337
0.999217
0.000218
-0.000160
-0.039570
0.013268
0.019713
-0.011012
-0.000100
0.000067
0.007289
-0.052922
121.933410
120.039443
0.999348
0.000174
-0.000128
-0.036103
0.010720
0.015692
-0.008796
-0.000080
0.000054
0.006590
-0.042324
121.946745
120.031538
0.999456
0.000139
-0.000103
-0.032965
0.008652
0.012496
-0.007027
-0.000063
0.000044
0.005969
-0.033848
121.957410
120.025222
0.999546
0.000111
-0.000083
-0.030121
0.006976
0.009954
-0.005613
-0.000050
0.000035
0.005413
-0.027069
121.965939
120.020176
0.999621
0.000089
-0.000066
-0.027540
0.005620
0.007932
-0.004484
-0.000040
0.000029
0.004916
-0.021648
121.972760
120.016144
0.999683
0.000071
-0.000053
-0.025194
0.004525
0.006323
-0.003582
-0.000032
0.000023
0.004470
-0.017313
121.978215
120.012923
0.999734
0.000056
-0.000043
-0.023059
0.003640
0.005041
-0.002862
-0.000026
0.000018
0.004069
-0.013846
121.982578
120.010350
0.999777
0.000045
-0.000034
-0.021116
0.002927
0.004020
-0.002287
-0.000020
0.000015
0.003708
-0.035308
122.009660
119.872990
0.999821
-0.014076
-0.015151
-0.018923
-0.098289
0.093722
-0.272419
-0.055177
-0.061658
0.005070
-0.320930
122.295748
119.486357
0.999581
-0.021462
-0.020331
-0.021191
-0.535257
0.499830
-0.458473
0.025971
0.040420
-0.013893
-0.956114
122.972790
118.896089
0.999618
-0.013288
-0.007946
-0.030836
-0.791481
0.791036
-0.647474
0.005092
0.010347
-0.024271
-1.744281
123.916360
118.144785
0.999018
-0.011084
-0.003003
-0.047162
-0.925985
0.988922
-0.796222
0.002767
0.010228
-0.040881
-2.578190
125.072938
117.267899
0.997687
-0.009131
0.001196
-0.069948
-0.990964
1.136122
-0.912380
0.004061
0.007598
-0.050238
-3.375906
126.400789
116.294634
0.995430
-0.007516
0.004227
-0.096936
-1.005295
1.240412
-1.004409
0.001696
0.005604
-0.057966
-4.077812
127.862656
115.245023
0.992208
-0.006471
0.005914
-0.125622
-0.986513
1.324525
-1.075846
0.002276
0.002112
-0.057420
-4.650269
129.431024
114.134155
0.988422
-0.005583
0.006385
-0.152540
-0.952637
1.398695
-1.131773
0.001604
0.000703
-0.051268
-5.083546
131.083853
112.973868
0.984752
-0.004844
0.006029
-0.174634
-0.910222
1.471669
-1.175850
0.002065
-0.001302
-0.038301
-5.385187
132.804770
111.773778
0.982049
-0.004062
0.004960
-0.189237
-0.864378
1.543915
-1.211013
0.002108
-0.002166
-0.021096
-5.576997
134.580699
110.541931
0.980902
-0.003292
0.003610
-0.195099
-0.815361
1.613705
-1.239259
0.002078
-0.002523
-0.002801
-5.687210
136.401260
109.285014
0.981458
-0.002552
0.002182
-0.192294
-0.762686
1.678248
-1.261965
0.001929
-0.002579
0.014229
-5.745681
138.257845
108.008469
0.983384
-0.001926
0.000966
-0.182197
-0.707165
1.735139
-1.280133
0.001402
-0.001837
0.026880
-5.778004
140.143288
106.716593
0.986035
-0.001476
0.000200
-0.167264
-0.649183
1.784056
-1.294550
0.000890
-0.000971
0.033780
-5.800652
142.051776
105.412713
0.988726
-0.001200
0.000011
-0.150548
-0.590054
1.825393
-1.305945
0.000330
0.000293
0.033941
-5.818289
143.978649
104.099409
0.990912
-0.001076
0.000521
-0.135421
-0.530080
1.860193
-1.314943
-0.000128
0.001665
0.027195
-5.821719
145.920197
102.778688
0.992278
-0.001059
0.001689
-0.125051
-0.468711
1.889643
-1.322017
-0.000427
0.002805
0.014648
-5.788670
147.873311
101.452069
0.992667
-0.001122
0.003414
-0.121995
-0.405207
1.915447
-1.327447
-0.000684
0.003787
-0.002318
-5.685942
149.835153
100.120532
0.991946
-0.001277
0.005505
-0.127838
-0.338093
1.941185
-1.331332
-0.000882
0.004180
-0.021223
-5.473138
151.803004
98.784439
0.989925
-0.001556
0.007680
-0.142780
-0.266362
1.972882
-1.333720
-0.001082
0.004037
-0.039081
-5.107990
153.774406
97.443526
0.986412
-0.001989
0.009661
-0.165441
-0.189124
2.018650
-1.334758
-0.001218
0.003345
-0.052638
-4.551642
155.747608
96.097077
0.981443
-0.002547
0.011158
-0.192832
-0.105429
2.086230
-1.334835
-0.001141
0.002096
-0.058708
-3.774077
157.722092
94.744323
0.975535
-0.003114
0.011959
-0.220848
-0.014064
2.179048
-1.334638
-0.000721
0.000650
-0.055822
-2.758429
159.698638
93.384983
0.969711
-0.003506
0.011928
-0.245214
0.087499
2.292921
-1.335024
0.000119
-0.000993
-0.044388
-1.504210
161.678789
92.019776
0.965222
-0.003555
0.010974
-0.262378
0.201952
2.415216
-1.336805
0.001241
-0.002656
-0.026578
-0.029692
163.664220
90.650724
0.963094
-0.003170
0.009116
-0.270123
0.330257
2.527317
-1.340429
0.002423
-0.004136
-0.005549
1.627795
165.656032
89.281071
0.963827
-0.002392
0.006407
-0.267500
0.469510
2.609036
-1.345741
0.003394
-0.005610
0.016438
3.413015
167.654650
87.914783
0.967352
-0.001363
0.002969
-0.254402
0.610888
2.643350
-1.351976
0.003980
-0.006717
0.037804
5.255915
169.659853
86.555707
0.973145
-0.000276
-0.000977
-0.231123
0.741531
2.620188
-1.357889
0.004062
-0.007479
0.058138
7.076676
171.670605
85.206605
0.980416
0.000626
-0.005211
-0.197819
0.847146
2.538795
-1.362121
0.003573
-0.007915
0.078204
8.791158
173.685497
83.868359
0.988134
0.001170
-0.009370
-0.154451
0.915180
2.408693
-1.363592
0.002786
-0.007345
0.097989
10.318127
175.702138
82.539591
0.995011
0.001196
-0.013115
-0.100827
0.939976
2.248442
-1.361864
0.001594
-0.006495
0.118269
11.585797
177.717380
81.216883
0.999423
0.000631
-0.016115
-0.037027
0.922308
2.084507
-1.357292
0.000572
-0.004612
0.137573
12.537740
179.727815
79.895582
0.999510
-0.000424
-0.017940
0.035273
0.872165
1.946531
-1.350950
-0.000086
-0.002042
0.151675
13.139361
181.730017
78.570974
0.993890
-0.001829
-0.018459
0.111826
0.805679
1.860888
-1.344361
-0.000404
0.000316
0.155424
13.379511
183.722949
77.239446
0.982813
-0.003246
-0.017675
0.185528
0.737302
1.843103
-1.338991
0.000241
0.002772
0.142763
13.269901
185.709177
75.899255
0.968862
-0.004261
-0.015862
0.248292
0.674359
1.889888
-1.336084
0.001232
0.003917
0.114475
12.841146
187.693565
74.550665
0.955918
-0.004576
-0.013456
0.294221
0.609906
1.982853
-1.336075
0.002587
0.004579
0.076427
12.137328
189.680418
73.195576
0.947324
-0.004151
-0.010607
0.320836
0.530937
2.095781
-1.338653
0.003686
0.005146
0.035455
11.213889
191.672156
71.836841
0.944544
-0.003214
-0.007631
0.328949
0.428434
2.203163
-1.342867
0.004021
0.004815
-0.001148
10.131737
193.669028
70.477425
0.947185
-0.002082
-0.004699
0.321265
0.300496
2.286264
-1.347431
0.003950
0.004984
-0.031349
8.952212
195.670109
69.119711
0.953788
-0.001034
-0.001955
0.301071
0.156363
2.334203
-1.351356
0.003247
0.004320
-0.053629
7.732283
197.674217
67.765042
0.962453
-0.000229
0.000240
0.272056
0.007955
2.345815
-1.353930
0.002283
0.003204
-0.067492
6.517632
199.679440
66.413644
0.971515
0.000218
0.001868
0.237627
-0.133898
2.327545
-1.354979
0.001252
0.002504
-0.074913
5.340994
201.684637
65.064896
0.979699
0.000376
0.002702
0.201192
-0.259938
2.290235
-1.354744
0.000416
0.000406
-0.074457
4.218860
203.688722
63.717731
0.986242
0.000325
0.002704
0.166146
-0.369619
2.245456
-1.353612
-0.000246
-0.000546
-0.068149
3.151421
205.690821
62.371025
0.990958
0.000131
0.002121
0.135207
-0.462572
2.202994
-1.352084
-0.000573
-0.001751
-0.057036
2.126713
207.691207
61.023852
0.993989
-0.000040
0.000898
0.110804
-0.542059
2.169361
-1.350471
-0.000558
-0.003020
-0.041324
1.121268
209.689593
59.675561
0.995717
-0.000222
-0.000511
0.094107
-0.613442
2.147598
-1.348961
-0.000742
-0.002439
-0.025821
0.107723
211.686457
58.325757
0.996546
-0.000377
-0.001894
0.085016
-0.677312
2.139448
-1.347689
-0.000451
-0.002893
-0.010693
-0.940769
213.682457
56.974278
0.996765
-0.000473
-0.003098
0.082528
-0.738457
2.143461
-1.346705
-0.000423
-0.001732
0.000705
-2.046837
215.677778
55.621241
0.996637
-0.000613
-0.003618
0.084137
-0.796840
2.157125
-1.346214
-0.000357
-0.000177
0.005751
-3.220794
217.673960
54.267156
0.996377
-0.000637
-0.003584
0.087216
-0.850937
2.175577
-1.346428
0.000257
0.000411
0.006606
-4.461308
219.671536
52.913009
0.996236
-0.000610
-0.002682
0.088787
-0.901702
2.190247
-1.347445
0.000161
0.003206
-0.000296
-5.750527
221.671585
51.560271
0.996484
-0.000514
-0.000895
0.085886
-0.941817
2.193696
-1.349275
0.000847
0.003852
-0.011348
-7.053864
223.675307
50.210655
0.997228
-0.000245
0.001433
0.076584
-0.969409
2.176856
-1.351472
0.001049
0.005232
-0.025974
-8.325018
225.681732
48.865690
0.998438
-0.000128
0.004604
0.058509
-0.979207
2.135069
-1.353417
0.000584
0.007149
-0.046480
-9.503071
227.691336
47.526160
0.999677
-0.000030
0.007914
0.030283
-0.963573
2.071036
-1.354276
0.001172
0.005704
-0.066523
-10.523698
229.701960
46.191603
1.000097
-0.000214
0.011241
-0.009047
-0.926367
1.990729
-1.353459
-0.000252
0.007155
-0.090799
-11.322407
231.710529
44.860071
0.998343
-0.000880
0.014434
-0.060254
-0.863797
1.913927
-1.350616
-0.000326
0.005134
-0.114159
-11.838451
233.714614
43.528345
0.992822
-0.001825
0.016528
-0.121139
-0.785995
1.862199
-1.346121
-0.000675
0.002848
-0.130397
-12.029616
235.710510
42.192678
0.982517
-0.003208
0.017797
-0.187338
-0.704604
1.858122
-1.340965
-0.001441
0.001886
-0.137625
-11.868806
237.697730
40.849664
0.968081
-0.004644
0.017830
-0.251506
-0.624182
1.918613
-1.336139
-0.000129
-0.001787
-0.125511
-11.350288
239.679625
39.497344
0.952473
-0.005681
0.016701
-0.305338
-0.549650
2.038284
-1.333448
0.000594
-0.002234
-0.098726
-10.489854
241.661402
38.135674
0.939386
-0.005983
0.014963
-0.343522
-0.465629
2.199084
-1.333578
0.002517
-0.003586
-0.062749
-9.319191
243.646764
36.766655
0.931911
-0.005458
0.012176
-0.363344
-0.356991
2.370842
-1.336920
0.004269
-0.005572
-0.022000
-7.892298
245.639275
35.394081
0.930970
-0.004197
0.009087
-0.365785
-0.217503
2.521236
-1.342910
0.005022
-0.004194
0.011531
-6.274943
247.638262
34.022448
0.935893
-0.002637
0.005437
-0.352986
-0.043375
2.625468
-1.349953
0.005778
-0.007514
0.043316
-4.544830
249.643496
32.656118
0.945286
-0.001083
0.001338
-0.326939
0.142426
2.665663
-1.356805
0.005404
-0.006000
0.067420
-2.786356
251.655228
31.298202
0.956914
0.000438
-0.002125
-0.291027
0.324640
2.638498
-1.361735
0.004761
-0.005173
0.083560
-1.074728
253.667825
29.949797
0.969490
0.001096
-0.006165
-0.245788
0.486878
2.551855
-1.364021
0.002848
-0.009035
0.104265
0.512850
255.684133
28.610129
0.981208
0.001630
-0.008901
-0.193565
0.600937
2.426116
-1.363430
0.003142
-0.000264
0.109820
1.922015
257.699198
27.276799
0.990677
0.001583
-0.010677
-0.136999
0.686408
2.279805
-1.360511
-0.000045
-0.005705
0.119607
3.117194
259.708853
25.946575
0.997202
0.000719
-0.012535
-0.076185
0.723701
2.141983
-1.356239
0.000119
-0.001068
0.125093
4.068926
261.717603
24.616406
0.999943
0.000396
-0.011694
-0.017075
0.730621
2.029364
-1.351647
0.001260
0.004933
0.111610
4.789901
263.719488
23.284117
0.999414
-0.000458
-0.011127
0.037408
0.730077
1.945739
-1.348230
-0.002225
-0.002289
0.106363
5.292996
265.717136
21.948409
0.996553
-0.001031
-0.009805
0.084219
0.701098
1.904686
-1.345449
0.002223
0.007715
0.081251
5.605118
267.713857
20.609299
0.993118
-0.000982
-0.007052
0.118055
0.677660
1.886290
-1.344610
0.000260
0.003125
0.054788
5.775405
269.708847
19.267326
0.990253
-0.001117
-0.005743
0.140127
0.643103
1.888438
-1.344575
0.000457
0.002136
0.034245
5.833157
271.704565
17.923227
0.988840
-0.000824
-0.003414
0.149772
0.595161
1.903137
-1.345048
0.002268
0.006864
0.004750
5.821385
273.701321
16.577858
0.988955
-0.000567
-0.001915
0.149034
0.551905
1.917097
-1.345967
-0.000349
-0.001049
-0.007739
5.769470
275.698645
15.231672
0.989928
-0.000492
-0.001442
0.142427
0.491984
1.935022
-1.346493
0.000884
0.002931
-0.018974
5.688870
277.696560
13.884960
0.991369
-0.000373
-0.000743
0.132032
0.434502
1.949961
-1.347039
-0.000068
-0.000181
-0.023000
5.590349
279.694875
12.537825
0.992539
-0.000457
-0.001730
0.122970
0.374890
1.963708
-1.347344
-0.000799
-0.003556
-0.013548
5.457117
281.693057
11.190227
0.993127
-0.000575
-0.002795
0.118148
0.306809
1.978692
-1.347351
-0.000221
-0.000454
-0.005883
5.267602
283.690974
9.841990
0.992964
-0.000741
-0.004381
0.119632
0.243775
1.994150
-1.347229
-0.001182
-0.005529
0.011851
4.990412
285.687933
8.492670
0.991728
-0.001018
-0.006656
0.129612
0.170490
2.016905
-1.346429
-0.000890
-0.003089
0.028372
4.583117
287.682774
7.141493
0.989362
-0.001406
-0.008251
0.146685
0.094596
2.051588
-1.345202
-0.001137
-0.002787
0.040569
4.012614
289.675706
5.787416
0.985721
-0.001875
-0.010101
0.169590
0.014596
2.104695
-1.343603
-0.001246
-0.004035
0.052197
3.273525
291.669050
4.573459
0.989342
-0.000844
0.007967
0.150796
-0.099918
2.139219
-1.075113
0.017895
0.073149
-0.128648
2.656582
293.668342
3.634130
0.991935
0.016696
0.000324
0.132101
0.017361
1.964323
-0.872800
0.047653
-0.112030
0.054734
2.104407
295.363257
2.906466
0.992433
0.020201
0.002265
0.124851
-0.217345
1.525146
-0.711369
-0.033190
0.117052
-0.084191
1.653043
296.680142
2.321058
0.994766
0.012201
0.008372
0.102240
-0.031385
1.230377
-0.554259
0.004166
-0.091022
-0.007652
1.364632
297.758522
1.852954
0.995429
0.012046
-0.003083
0.094854
-0.143186
0.977363
-0.436442
-0.009367
0.045138
-0.021340
1.068964
298.601792
1.480130
0.996390
0.008318
0.004543
0.084390
-0.110641
0.782104
-0.345343
-0.002750
-0.013848
-0.021053
0.858975
299.283274
1.182452
0.997148
0.007097
0.001131
0.075130
-0.094004
0.625681
-0.273470
-0.003117
0.000334
-0.016014
0.687696
299.827585
0.944659
0.997694
0.005626
0.001304
0.067630
-0.087619
0.499179
-0.217025
-0.002682
0.000580
-0.014073
0.549185
300.262419
0.754716
0.998123
0.004466
0.001197
0.061071
-0.074254
0.398787
-0.172447
-0.001950
-0.000843
-0.012224
0.439325
300.610415
0.602979
0.998461
0.003586
0.000899
0.055339
-0.063014
0.318495
-0.137166
-0.001618
-0.000238
-0.010742
0.351312
300.888686
0.481759
0.998731
0.002862
0.000752
0.050276
-0.053095
0.254335
-0.109200
-0.001288
-0.000264
-0.009537
0.280930
301.111231
0.384918
0.998949
0.002288
0.000611
0.045766
-0.044279
0.203117
-0.086997
-0.001026
-0.000234
-0.008526
0.224665
301.289214
0.307552
0.999127
0.001829
0.000495
0.041723
-0.036737
0.162214
-0.069347
-0.000821
-0.000184
-0.007662
0.179667
301.431555
0.245742
0.999273
0.001461
0.000402
0.038082
-0.030333
0.129553
-0.055303
-0.000656
-0.000154
-0.006913
0.143683
301.545391
0.196360
0.999394
0.001168
0.000325
0.034792
-0.024944
0.103474
-0.044119
-0.000524
-0.000127
-0.006256
0.114907
301.636430
0.156907
0.999493
0.000933
0.000263
0.031811
-0.020445
0.082648
-0.035208
-0.000419
-0.000104
-0.005674
0.091895
301.709239
0.125386
0.999576
0.000746
0.000212
0.029104
-0.016711
0.066018
-0.028103
-0.000334
-0.000085
-0.005156
0.073491
301.767466
0.100203
0.999645
0.000596
0.000171
0.026643
-0.013625
0.052738
-0.022436
-0.000267
-0.000069
-0.004693
0.058773
301.814033
0.080083
0.999702
0.000477
0.000138
0.024401
-0.011087
0.042132
-0.017915
-0.000213
-0.000056
-0.004276
0.047003
301.851275
0.064008
0.999750
0.000381
0.000111
0.022358
-0.009005
0.033661
-0.014306
-0.000171
-0.000046
-0.003900
0.037590
301.881058
0.051164
0.999790
0.000305
0.000089
0.020493
-0.007302
0.026895
-0.011426
-0.000136
-0.000037
-0.003561
0.030062
301.904878
0.040903
0.999823
0.000243
0.000072
0.018790
-0.005913
0.021490
-0.009126
-0.000109
-0.000030
-0.003253
0.024041
301.923927
0.032704
0.999851
0.000195
0.000058
0.017233
-0.004783
0.017172
-0.007289
-0.000087
-0.000024
-0.002975
0.019227
301.939161
0.026154
0.999875
0.000156
0.000046
0.015809
-0.003864
0.013723
-0.005823
-0.000070
-0.000020
-0.002721
0.015376
301.951345
0.020921
0.999895
0.000124
0.000037
0.014506
-0.003119
0.010967
-0.004652
-0.000056
-0.000016
-0.002491
0.012297
301.961088
0.016739
0.999911
0.000099
0.000030
0.013313
-0.002515
0.008765
-0.003716
-0.000044
-0.000013
-0.002281
0.009834
301.968881
0.013399
0.999925
0.000080
0.000024
0.012221
-0.002027
0.007005
-0.002969
-0.000036
-0.000010
-0.002090
0.007865
301.975113
0.010729
0.999937
0.000064
0.000019
0.011220
-0.001632
0.005599
-0.002372
-0.000028
-0.000008
-0.001915
0.006290
301.980097
0.008597
0.999947
0.000051
0.000015
0.010302
-0.001314
0.004476
-0.001895
-0.000023
-0.000007
-0.001756
0.005030
301.984083
0.006893
0.999955
0.000041
0.000012
0.009461
-0.001057
0.003578
-0.001514
-0.000018
-0.000005
-0.001610
0.004023
301.987270
0.005532
0.999962
0.000032
0.000010
0.008689
-0.000849
0.002860
-0.001209
-0.000014
-0.000004
-0.001477
0.003217
301.989819
0.004444
0.999968
0.000026
0.000008
0.007981
-0.000683
0.002286
-0.000966
-0.000012
-0.000003
-0.001355
0.002573
301.991858
0.003575
0.999973
0.000021
0.000006
0.007331
-0.000548
0.001828
-0.000772
-0.000009
-0.000003
-0.001244
0.002058
301.993489
0.002881
0.999977
0.000017
0.000005
0.006735
-0.000440
0.001461
-0.000617
-0.000007
-0.000002
-0.001141
0.001646
301.994793
0.002326
0.999981
0.000013
0.000004
0.006188
-0.000353
0.001168
-0.000493
-0.000006
-0.000002
-0.001048
0.001316
301.995835
0.001883
0.999984
0.000011
0.000003
0.005685
-0.000284
0.000934
-0.000394
-0.000005
-0.000001
-0.000962
0.001053
301.996669
0.001529
0.999986
0.000008
0.000003
0.005224
-0.000227
0.000747
-0.000315
-0.000004
-0.000001
-0.000883
0.000842
301.997336
0.001246
0.999988
0.000007
0.000002
0.004800
-0.000182
0.000597
-0.000251
-0.000003
-0.000001
-0.000811
0.000673
301.997870
0.001020
0.999990
0.000005
0.000002
0.004411
-0.000146
0.000477
-0.000201
-0.000002
-0.000001
-0.000745
0.000538
301.998296
0.000839
0.999992
0.000004
0.000001
0.004054
-0.000117
0.000382
-0.000160
-0.000002
-0.000001
-0.000684
0.000431
301.998638
0.000695
0.999993
0.000003
0.000001
0.003725
-0.000094
0.000305
-0.000128
-0.000002
-0.000000
-0.000629
0.000344
301.998910
0.000580
0.999994
0.000003
0.000001
0.003424
-0.000075
0.000244
-0.000102
-0.000001
-0.000000
-0.000578
0.000275
301.999129
0.000488
0.999995
0.000002
0.000001
0.003147
-0.000060
0.000195
-0.000082
-0.000001
-0.000000
-0.000531
0.000220
301.999303
0.000414
0.999996
0.000002
0.000001
0.002892
-0.000048
0.000156
-0.000065
-0.000001
-0.000000
-0.000488
0.000176
301.999443
0.000355
0.999996
0.000001
0.000000
0.002658
-0.000039
0.000125
-0.000052
-0.000001
-0.000000
-0.000448
0.000141
301.999554
0.000308
0.999997
0.000001
0.000000
0.002443
-0.000031
0.000100
-0.000042
-0.000001
-0.000000
-0.000412
0.000113
301.999644
0.000271
0.999997
0.000001
0.000000
0.002246
-0.000025
0.000080
-0.000033
-0.000000
-0.000000
-0.000378
0.000090
301.999715
0.000241
0.999998
0.000001
0.000000
0.002064
-0.000020
0.000064
-0.000027
-0.000000
-0.000000
-0.000348
0.000072
301.999772
0.000217
0.999998
0.000001
0.000000
0.001897
-0.000016
0.000051
-0.000021
-0.000000
-0.000000
-0.000320
0.000058
301.999818
0.000198
0.999998
0.000000
0.000000
0.001744
-0.000013
0.000041
-0.000017
-0.000000
-0.000000
-0.000294
0.000046
301.999854
0.000182
0.999999
0.000000
0.000000
0.001603
-0.000010
0.000033
-0.000014
-0.000000
-0.000000
-0.000270
0.000037
301.999883
0.000170
0.999999
0.000000
0.000000
0.001473
-0.000008
0.000026
-0.000011
-0.000000
-0.000000
-0.000248
0.000029
301.999907
0.000160
0.999999
0.000000
0.000000
0.001354
-0.000007
0.000021
-0.000009
-0.000000
-0.000000
-0.000228
0.000024
301.999925
0.000152
0.999999
0.000000
0.000000
0.001245
-0.000005
0.000017
-0.000007
-0.000000
-0.000000
-0.000210
0.000019
301.999940
0.000146
0.999999
0.000000
0.000000
0.001144
-0.000004
0.000013
-0.000006
-0.000000
-0.000000
-0.000193
0.000015
301.999952
0.000141
0.999999
0.000000
0.000000
0.001052
-0.000003
0.000011
-0.000004
-0.000000
-0.000000
-0.000177
0.000012
301.999962
0.000137
1.000000
0.000000
0.000000
0.000967
-0.000003
0.000009
-0.000004
-0.000000
-0.000000
-0.000163
0.000010
301.999969
0.000134
1.000000
0.000000
0.000000
0.000889
-0.000002
0.000007
-0.000003
-0.000000
-0.000000
-0.000150
0.000008
301.999976
0.000132
1.000000
0.000000
0.000000
0.000817
-0.000002
0.000005
-0.000002
-0.000000
-0.000000
-0.000138
0.000006
301.999980
0.000130
1.000000
0.000000
0.000000
0.000751
-0.000001
0.000004
-0.000002
-0.000000
-0.000000
-0.000126
