0.408775
0.408775
0.408775
0.408775
0.408611
0.408614
0.408620
0.408617
0.408622
0.408618
0.408610
0.408614
0.408615
0.408616
0.408618
0.408617
0.408617
0.408617
0.408616
0.408617
0.408617
0.408618
0.408617
0.408618
0.408618
0.408619
0.408619
0.408619
0.408619
0.408619
0.408619
0.408619
0.408619
0.408619
0.408620
0.408619
0.408620
0.408620
0.408621
0.408620
0.408621
0.408620
0.408621
0.408620
0.408621
0.408621
0.408621
0.408621
0.408622
0.408621
0.408622
0.408621
0.408623
0.408622
0.408622
0.408622
0.408623
0.408623
0.408623
0.408623
0.408623
0.408624
0.408623
0.408623
0.408624
0.408624
0.408624
0.408624
0.408625
0.408625
0.408625
0.408625
0.408626
0.408625
0.408626
0.408625
0.408626
0.408625
0.408627
0.408625
0.408627
0.408626
0.408627
0.408626
0.408628
0.408627
0.408628
0.408627
0.408628
0.408628
0.408628
0.408628
0.408628
0.408629
0.408628
0.408629
0.408628
0.408630
0.408627
0.408630
0.408628
0.408632
0.408627
0.408632
0.408629
0.408633
0.408628
0.408633
0.408629
0.408634
0.408629
0.408634
0.408630
0.408634
0.408631
0.408634
0.408632
0.408634
0.408632
0.408634
0.408633
0.408633
0.408634
0.408633
0.408635
0.408632
0.408636
0.408632
0.408636
0.408632
0.408637
0.408632
0.408638
0.408632
0.408639
0.408632
0.408639
0.408632
0.408639
0.408632
0.408640
0.408634
0.408640
0.408634
0.408640
0.408636
0.408639
0.408636
0.408639
0.408638
0.408639
0.408638
0.408639
0.408640
0.408638
0.408640
0.408638
0.408641
0.408638
0.408641
0.408638
0.408642
0.408638
0.408642
0.408639
0.408643
0.408638
0.408643
0.408640
0.408643
0.408640
0.408643
0.408641
0.408643
0.408641
0.408643
0.408642
0.408643
0.408643
0.408643
0.408644
0.408644
0.408644
0.408643
0.408644
0.408644
0.408644
0.408644
0.408645
0.408645
0.408645
0.408645
0.408645
0.408647
0.408645
0.408646
0.408645
0.408648
0.408645
0.408648
0.408646
0.408649
0.408646
0.408649
0.408647
0.408649
0.408647
0.408649
0.408648
0.408649
0.408648
0.408649
0.408650
0.408649
0.408651
0.408648
0.408652
0.408648
0.408653
0.408647
0.408654
0.408647
0.408655
0.408647
0.408656
0.408647
0.408657
0.408647
0.408658
0.408648
0.408658
0.408648
0.408658
0.408650
0.408658
0.408650
0.408657
0.408653
0.408657
0.408652
0.408814
0.408814
0.408813
0.408814
0.408797
0.408841
0.408787
0.408838
0.408814
0.408808
0.408825
0.408811
0.408816
0.408815
0.408813
0.408814
0.408815
0.408815
0.408815
0.408814
0.408814
0.408814
0.408815
0.408814
0.408814
0.408814
0.408814
0.408814
0.408814
0.408814
0.408814
0.408814
0.408814
0.408814
0.408814
0.408813
0.408814
0.408814
0.408814
0.408813
0.408814
0.408813
0.408814
0.408813
0.408813
0.408813
0.408813
0.408813
0.408813
0.408813
0.408813
0.408813
0.408813
0.408813
0.408813
0.408813
0.408813
0.408813
0.408813
0.408813
0.408813
0.408813
0.408813
0.408812
0.408812
0.408812
0.408812
0.408812
0.408812
0.408812
0.408812
0.408812
0.408812
0.408812
0.408812
0.408812
0.408812
0.408812
0.408812
0.408812
0.408812
0.408812
0.408812
0.408812
0.408812
0.408812
0.408812
0.408811
0.408812
0.408812
0.408812
0.408811
0.408811
0.408811
0.408811
0.408811
0.408811
0.408811
0.408811
0.408811
0.408811
0.408811
0.408811
0.408811
0.408811
0.408811
0.408811
0.408811
0.408811
0.408811
0.408811
0.408811
0.408811
0.408811
0.408811
0.408810
0.408810
0.408811
0.408810
0.408810
0.408706
0.408716
0.408703
0.408718
0.408714
0.408711
0.408718
0.408707
0.408715
0.408711
0.408714
0.408712
0.408714
0.408712
0.408714
0.408711
0.408715
0.408712
0.408715
0.408712
0.408715
0.408713
0.408715
0.408713
0.408715
0.408714
0.408715
0.408714
0.408715
0.408715
0.408715
0.408714
0.408715
0.408715
0.408715
0.408715
0.408715
0.408716
0.408715
0.408716
0.408716
0.408717
0.408716
0.408716
0.408716
0.408717
0.408716
0.408717
0.408717
0.408718
0.408717
0.408717
0.408717
0.408718
0.408717
0.408717
0.408718
0.408718
0.408718
0.408718
0.408718
0.408718
0.408718
0.408718
0.408719
0.408718
0.408719
0.408718
0.408720
0.408719
0.408720
0.408718
0.408720
0.408719
0.408720
0.408719
0.408721
0.408719
0.408721
0.408719
0.408721
0.408720
0.408721
0.408720
0.408722
0.408721
0.408722
0.408720
0.408722
0.408721
0.408722
0.408721
0.408722
0.408722
0.408722
0.408722
0.408722
0.408723
0.408722
0.408722
0.408722
0.408724
0.408722
0.408723
0.408722
0.408725
0.408722
0.408724
0.408722
0.408725
0.408722
0.408725
0.408722
0.408726
0.408722
0.408726
0.408723
0.408727
0.408723
0.408726
0.408723
0.408727
0.408723
0.408727
0.408724
0.408727
0.408724
0.408727
0.408725
0.408728
0.408725
0.408727
0.408726
0.408728
0.408726
0.408727
0.408727
0.408728
0.408727
0.408727
0.408728
0.408728
0.408728
0.408727
0.408729
0.408728
0.408729
0.408727
0.408729
0.408728
0.408729
0.408727
0.408730
0.408728
0.408730
0.408727
0.408731
0.408728
0.408731
0.408728
0.408731
0.408729
0.408731
0.408728
0.408731
0.408729
0.408731
0.408728
0.408732
0.408730
0.408732
0.408729
0.408732
0.408731
0.408732
0.408730
0.408732
0.408731
0.408732
0.408731
0.408732
0.408732
0.408732
0.408732
0.408732
0.408733
0.408732
0.408732
0.408732
0.408734
0.408732
0.408733
0.408733
0.408734
0.408733
0.408734
0.408733
0.408735
0.408733
0.408734
0.408734
0.408735
0.408734
0.408734
0.408735
0.408735
0.408735
0.408735
0.408735
0.408735
0.408735
0.408735
0.408736
0.408735
0.408736
0.408735
0.408737
0.408735
0.408737
0.408735
0.408738
0.408736
0.408738
0.408735
0.408739
0.408736
0.408739
0.408735
0.408739
0.408736
0.408739
0.408735
0.408740
0.408737
0.408740
0.408736
0.408740
0.408737
0.408740
0.408737
0.408740
0.408738
0.408740
0.408738
0.408740
0.408739
0.408740
0.408739
0.408740
0.408740
0.408740
0.408740
0.408740
0.408741
0.408740
0.408741
0.408740
0.408742
0.408740
0.408742
0.408740
0.408743
0.408740
0.408743
0.408740
0.408744
0.408740
0.408743
0.408740
0.408745
0.408740
0.408744
0.408740
0.408746
0.408740
0.408745
0.408741
0.408746
0.408741
0.408745
0.408742
0.408746
0.408742
0.408745
0.408742
0.408746
0.408742
0.408745
0.408743
0.408746
0.408744
0.408745
0.408745
0.408746
0.408745
0.408745
0.408746
0.408746
0.408746
0.408745
0.408747
0.408746
0.408747
0.408745
0.408747
0.408746
0.408747
0.408745
0.408748
0.408746
0.408748
0.408746
0.408749
0.408747
0.408749
0.408746
0.408749
0.408747
0.408749
0.408746
0.408749
0.408748
0.408749
0.408747
0.408749
0.408749
0.408749
0.408748
0.408749
0.408750
0.408749
0.408749
0.408750
0.408751
0.408749
0.408750
0.408750
0.408752
0.408750
0.408751
0.408750
0.408752
0.408750
0.408751
0.408750
0.408753
0.408750
0.408752
0.408751
0.408753
0.408751
0.408752
0.408751
0.408754
0.408751
0.408753
0.408862
0.408837
0.408865
0.408835
0.408853
0.408861
0.408850
0.408857
0.408850
0.408851
0.408851
0.408854
0.408851
0.408852
0.408851
0.408850
0.408851
0.408852
0.408851
0.408851
0.408851
0.408852
0.408851
0.408851
0.408850
0.408851
0.408850
0.408850
0.408850
0.408851
0.408850
0.408850
0.408850
0.408851
0.408850
0.408850
0.408849
0.408850
0.408849
0.408849
0.408849
0.408850
0.408849
0.408849
0.408849
0.408849
0.408849
0.408849
0.408848
0.408849
0.408848
0.408848
0.408848
0.408849
0.408848
0.408848
0.408848
0.408848
0.408848
0.408847
0.408847
0.408848
0.408847
0.408847
0.408847
0.408848
0.408847
0.408847
0.408847
0.408847
0.408847
0.408846
0.408846
0.408847
0.408846
0.408846
0.408846
0.408847
0.408846
0.408846
0.408846
0.408846
0.408846
0.408845
0.408846
0.408846
0.408846
0.408845
0.408845
0.408846
0.408845
0.408845
0.408845
0.408845
0.408845
0.408844
0.408845
0.408845
0.408845
0.408844
0.408844
0.408845
0.408844
0.408844
0.408844
0.408844
0.408844
0.408843
0.408844
0.408844
0.408844
0.408843
0.408843
0.408844
0.408843
0.408843
0.408843
0.408843
0.408843
0.408843
0.408843
0.408843
0.408843
0.408842
0.408842
0.408843
0.408842
0.408842
0.408842
0.408842
0.408842
0.408842
0.408842
0.408842
0.408842
0.408841
0.408841
0.408842
0.408841
0.408841
0.408841
0.408841
0.408841
0.408841
0.408841
0.408841
0.408841
0.408840
0.408840
0.408841
0.408840
0.408840
0.408840
0.408841
0.408840
0.408840
0.408840
0.408840
0.408840
0.408839
0.408840
0.408840
0.408840
0.408839
0.408839
0.408840
0.408839
0.408839
0.408839
0.408839
0.408839
0.408839
0.408839
0.408839
0.408839
0.408838
0.408838
0.408839
0.408838
0.408838
0.408838
0.408838
0.408838
0.408838
0.408838
0.408838
0.408838
0.408837
0.408837
0.408838
0.408837
0.408837
0.408837
0.408838
0.408837
0.408837
0.408837
0.408837
0.408837
0.408837
0.408837
0.408837
0.408837
0.408836
0.408836
0.408837
0.408836
0.408836
0.408836
0.408836
0.408836
0.408836
0.408836
0.408836
0.408836
0.408835
0.408835
0.408836
0.408835
0.408835
0.408835
0.408836
0.408835
0.408835
0.408835
0.408835
0.408835
0.408835
0.408835
0.408835
0.408835
0.408834
0.408834
0.408835
0.408834
0.408834
0.408834
0.408834
0.408834
0.408834
0.408834
0.408834
0.408834
0.408833
