1
1
1
1
1
1
1
1
1
1
1
1
1
1
1
1
1
1
1
1
1
1
1
1
1
1
1
1
1
1
1
1
1
1
1
1
1
1
1
1
1
1
1
1
1
1
1
1
1
1
1
1
1
1
1
1
1
1
1
1
1
1
1
1
1
1
1
1
1
1
1
1
1
1
1
1
1
1
1
1
1
1
1
1
1
1
1
1
1
1
1
1
1
1
1
1
1
1
1
1
1
1
1
1
1
1
1
1
1
1
1
1
1
1
1
1
1
1
1
1
1
1
1
1
1
1
1
1
1
1
1
1
1
1
1
1
1
1
1
1
1
1
1
1
1
1
1
1
1
1
1
1
1
1
1
1
1
1
1
1
1
1
1
1
1
1
1
1
1
1
1
1
1
1
1
1
1
1
1
1
1
1
1
1
1
1
1
1
1
1
1
1
1
1
1
1
1
1
1
1
1
1
1
1
1
1
1
1
1
1
1
1
1
1
1
1
1
1
1
1
1
1
1
1
1
1
1
1
1
1
1
1
1
1
1
1
1
1
1
1
1
1
1
1
1
1
1
1
1
1
1
1
1
1
1
1
1
1
1
1
1
1
1
1
1
1
1
1
1
1
1
1
1
1
1
1
1
1
1
1
1
1
1
1
1
1
1
1
1
1
1
1
1
1
1
1
1
1
1
1
1
1
1
1
1
1
1
1
1
1
1
1
1
1
1
1
1
1
1
1
1
1
1
1
1
1
1
1
1
1
1
1
1
1
1
1
1
1
1
1
1
1
1
1
1
1
1
1
1
1
1
1
1
1
1
1
1
1
1
1
1
1
1
1
1
1
1
1
1
1
1
1
1
1
1
1
1
1
1
1
1
1
1
1
1
1
1
1
1
1
1
1
1
1
1
1
1
1
1
1
1
1
1
1
1
1
1
1
1
1
1
1
1
1
1
1
1
1
1
1
1
1
1
1
1
1
1
1
1
1
1
1
1
1
1
1
1
1
1
1
1
1
1
1
1
1
1
1
1
1
1
1
1
1
1
1
1
1
1
1
1
1
1
1
1
1
1
1
1
1
1
1
1
1
1
1
1
1
1
1
1
1
1
1
1
1
1
1
1
1
1
1
1
1
1
1
1
1
1
1
1
1
1
1
1
1
1
1
1
1
1
1
1
1
1
1
1
1
1
1
1
1
1
1
1
1
1
1
1
1
1
1
1
1
1
1
1
1
1
1
1
1
1
1
1
1
1
1
1
1
1
1
1
1
1
1
1
1
1
1
1
1
1
1
1
1
1
1
1
1
1
1
1
1
1
1
1
1
1
1
1
1
1
1
1
1
1
1
1
1
1
1
1
1
1
1
1
1
1
1
1
1
1
1
1
1
1
1
1
1
1
1
1
1
1
1
1
1
1
1
1
1
1
1
1
1
1
1
1
1
1
1
1
1
1
1
1
1
1
1
1
1
1
1
1
1
1
1
1
1
1
1
1
1
1
1
1
1
1
1
1
1
1
1
1
1
1
1
1
1
1
1
1
1
1
1
1
1
1
1
1
1
1
1
1
1
1
1
1
1
1
1
1
1
1
1
1
1
1
1
1
1
1
1
1
1
1
1
1
1
1
1
1
1
1
1
1
1
1
1
1
1
1
1
1
1
1
1
1
1
1
1
1
1
1
1
1
1
1
1
1
1
1
1
1
1
1
1
1
1
1
1
1
1
1
1
1
1
1
1
1
1
1
1
1
1
1
1
1
1
1
1
1
1
1
1
1
1
1
1
1
1
1
1
1
1
1
1
1
1
1
1
1
1
1
1
1
1
1
1
1
1
1
1
1
1
1
1
1
1
1
1
1
1
1
1
1
1
1
1
1
1
1
1
1
1
1
1
1
1
1
1
1
1
1
1
1
1
1
1
1
1
1
1
1
1
1
1
1
1
1
1
1
1
1
1
1
1
1
1
1
1
1
1
1
1
1
1
1
1
1
1
1
1
1
1
1
1
1
1
1
1
1
1
1
1
1
1
1
1
1
1
1
1
1
1
1
1
1
1
1
1
1
1
1
1
1
1
1
1
1
1
1
1
1
1
1
1
1
1
1
1
1
1
1
1
1
1
1
1
1
1
1
1
1
1
1
1
1
1
1
1
1
1
1
1
1
1
1
1
1
1
1
1
1
1
1
1
1
1
1
1
1
1
1
1
1
1
1
1
1
1
1
1
1
1
1
1
1
1
1
1
1
1
1
1
1
1
1
1
1
1
1
1
1
1
1
1
1
1
1
1
1
1
1
1
1
1
1
1
1
1
1
1
1
1
1
1
1
1
1
1
1
1
1
1
1
1
1
1
1
1
1
1
1
1
1
1
1
1
1
1
1
1
1
1
1
1
1
1
1
1
1
1
1
1
1
1
1
1
1
1
1
1
1
1
1
1
1
1
1
1
1
1
1
1
1
1
1
1
1
1
1
1
1
1
1
1
1
1
1
1
1
1
1
1
1
1
1
1
1
1
1
1
1
1
1
1
1
1
1
1
1
1
1
1
1
1
1
1
1
1
1
1
1
1
1
1
1
1
1
1
1
1
1
1
1
1
1
1
1
1
1
1
1
1
1
1
1
1
1
1
1
1
1
1
1
1
1
1
1
1
1
1
1
1
1
1
1
1
1
1
1
1
1
1
1
1
1
1
1
1
1
1
1
1
1
1
1
1
1
1
1
1
1
1
1
1
1
1
1
1
1
1
1
1
1
1
1
1
1
1
1
1
1
1
1
1
1
1
1
1
1
1
1
1
1
1
1
1
1
1
1
1
1
1
1
1
1
1
1
1
1
1
1
1
1
1
1
1
1
1
1
1
1
1
1
1
1
1
1
1
1
1
1
1
1
1
1
1
1
1
1
1
1
1
1
1
1
1
1
1
1
1
1
1
1
1
1
1
1
1
1
1
1
1
1
1
1
1
1
1
1
1
1
1
1
1
1
1
1
1
1
1
1
1
1
1
1
1
1
1
1
1
1
1
1
1
1
1
1
1
1
1
1
1
1
1
1
1
1
1
1
1
1
1
1
1
1
1
1
1
1
1
1
1
1
1
1
1
1
1
1
1
1
1
1
1
1
1
1
1
1
1
1
1
1
1
1
1
1
1
1
1
1
1
1
1
1
1
1
1
1
1
1
1
1
1
1
1
1
1
1
1
1
1
1
1
1
1
1
1
1
1
1
1
1
1
1
1
1
1
1
1
1
1
1
1
1
1
1
1
1
1
1
1
1
1
1
1
1
1
1
1
1
1
1
1
1
1
1
1
1
1
1
1
1
1
1
1
1
1
1
1
1
1
1
1
1
1
1
1
1
1
1
1
1
1
1
1
1
1
1
1
1
1
1
1
1
1
1
1
1
1
1
1
1
1
1
1
1
1
1
1
1
1
1
1
1
1
1
1
1
1
1
1
1
1
1
1
1
1
1
1
1
1
1
1
1
1
1
1
1
1
1
1
1
1
1
1
1
1
1
1
1
1
1
1
1
1
1
1
1
1
1
1
1
1
1
1
1
1
1
1
1
1
1
1
1
1
1
1
1
1
1
1
1
1
1
1
1
1
1
1
1
1
1
1
1
1
1
1
1
1
1
1
1
1
1
1
1
1
1
1
1
1
1
1
1
1
1
1
1
1
1
1
1
1
1
1
1
1
1
1
1
1
1
1
1
1
1
1
1
1
1
1
1
1
1
1
1
1
1
1
1
1
1
1
1
1
1
1
1
1
1
1
1
1
1
1
1
1
1
1
1
1
1
1
1
1
1
1
1
1
1
1
1
1
1
1
1
1
1
1
1
1
1
1
1
1
1
1
1
1
1
1
1
1
1
1
1
1
1
1
1
1
1
1
1
1
1
1
1
1
1
1
1
1
1
1
1
1
1
1
1
1
1
1
1
1
1
1
1
1
1
1
1
1
1
1
1
1
1
1
1
1
1
1
1
1
1
1
1
1
1
1
1
1
1
1
1
1
1
1
1
1
1
1
1
1
1
1
1
1
1
1
1
1
1
1
1
1
1
1
1
1
1
1
1
1
1
1
1
1
1
1
1
1
1
1
1
1
1
1
1
1
1
1
1
1
1
1
1
1
1
1
1
1
1
1
1
1
1
1
1
1
1
1
1
1
1
1
1
1
1
1
1
1
1
1
1
1
1
1
1
1
1
1
1
1
1
1
1
1
1
1
1
1
1
1
1
1
1
1
1
1
1
1
1
1
1
1
1
1
1
1
1
1
1
1
1
1
1
1
1
1
1
1
1
1
1
1
1
1
1
1
1
1
1
1
1
1
1
1
1
1
1
1
1
1
1
1
1
1
1
1
1
1
1
1
1.988123
0.024473
17.283333
-8.555709
6.299505
-21.039373
30.685046
6.155108
-17.346813
0.433407
-1.148765
-2.544766
3.209429
-2.927797
0.499310
19.288600
-8.400951
5.909273
-15.103445
11.193956
34.185270
-21.891136
1.106937
0.957924
-2.625893
2.239322
5.597318
-0.339348
18.442252
-8.447894
5.542426
-18.616385
34.904257
-7.545964
3.261378
-1.398370
2.350328
-3.015192
3.476734
-6.417477
0.125551
15.456835
-7.944169
5.361357
-4.065785
-1.544299
30.271568
3.653217
-2.479022
3.616452
-3.012674
-1.627334
5.541500
-0.345835
10.720269
-7.526426
5.504160
0.949527
19.298708
0.007872
3.437145
-2.507906
3.817379
-2.961633
2.046221
-3.269656
-0.107405
5.042206
-7.574158
5.892859
1.213314
13.791036
1.883324
15.461531
-4.883133
1.837401
-2.185590
0.431694
-1.173500
-0.015176
-0.517252
-7.801606
6.274020
1.490013
13.689469
0.894794
13.022222
-3.574960
0.214417
-2.407677
1.596165
-0.568387
-0.547062
-5.368329
-8.168941
6.479490
-0.230137
17.978152
-3.357669
8.778057
-1.738828
-0.922924
-2.203052
2.350166
0.183678
-0.568146
-8.650953
-8.402521
6.480423
-3.507596
16.073312
-9.804421
8.809610
-1.145979
-0.611543
-2.268480
2.160693
-0.912743
-0.090730
-10.137128
-8.327504
6.383165
-7.663677
18.848350
-0.605710
5.626027
-0.493999
0.588825
-2.354279
1.340385
1.623780
-0.302412
-10.026345
-8.163510
6.286402
-5.063085
13.175800
-13.177457
2.064744
-0.106556
1.676802
-2.418412
1.324148
-1.664754
0.417830
-8.710385
-8.067178
6.242434
-2.665700
16.823921
-0.453873
-2.046737
0.472089
2.117703
-2.456009
1.051115
1.721693
-0.043946
-6.913560
-7.945728
6.264354
0.220362
11.749741
-9.312977
-5.060725
1.372499
1.961468
-2.423899
0.628748
-0.883003
0.420346
-5.064564
-7.935789
6.322970
1.787097
13.246423
-3.549178
-3.635672
1.114471
1.606248
-2.375767
1.015164
0.600611
0.127161
-3.543216
-7.959980
6.384776
2.303545
11.947689
-4.891411
-3.633590
1.249244
1.095754
-2.329828
0.818414
-0.208347
0.239257
-2.396776
-8.006620
6.432221
2.412478
11.843700
-3.502951
-2.249137
0.912091
0.897241
-2.316352
0.935925
-0.015462
0.132716
-1.488658
-8.039471
6.466270
2.347367
11.772360
-2.475365
-1.857540
0.827885
0.783857
-2.306328
0.924658
-0.046484
0.089890
-0.497149
-8.063989
6.490944
2.275652
11.913192
-0.822061
-2.179639
0.876536
0.717407
-2.308465
0.985814
0.139981
0.051361
0.902847
-8.098861
6.508839
2.167783
12.395902
1.380185
-3.229693
1.060471
0.592185
-2.314324
1.123798
0.373886
0.059980
2.923227
-8.175770
6.515853
1.880498
13.473110
4.054505
-4.519582
1.251441
0.337362
-2.330667
1.418205
0.594460
0.106623
5.546497
-8.293479
6.498983
1.104855
15.119961
6.930227
-5.426073
1.302572
-0.007171
-2.357219
1.827709
0.704707
0.156770
8.430664
-8.394666
6.440413
-0.436898
16.508773
9.901022
-5.773751
1.154239
-0.180027
-2.387978
2.124352
0.804635
0.133126
10.939062
-8.429222
6.333061
-2.449289
17.154775
11.776724
-5.350187
0.800011
0.084491
-2.412851
2.143112
0.780224
0.076455
12.348376
-8.371608
6.200913
-3.675943
16.736753
11.941706
-3.307273
0.179153
0.807700
-2.421035
1.839143
0.596266
-0.000300
12.053830
-8.211438
6.104595
-2.889863
14.979966
10.515323
0.425996
-0.718070
1.753739
-2.421182
1.229218
0.282547
-0.082082
9.758466
-7.959361
6.115180
-0.698860
13.193532
6.717417
5.220989
-1.890342
2.482742
-2.424138
0.645778
-0.456191
-0.132754
5.619413
-7.688207
6.259210
1.145236
12.033175
1.713394
9.984086
-3.105436
2.453586
-2.424751
0.490139
-1.255504
-0.185988
0.153098
-7.705573
6.472690
1.676351
14.118443
-3.859727
13.875700
-3.807132
1.045501
-2.426232
1.504457
-1.639691
-0.299504
-6.228767
-8.115881
6.622670
0.123230
20.872872
-6.527827
13.142291
-2.942606
-1.482056
-2.430906
3.216048
-0.135587
-0.718546
-12.428083
-8.569838
5.168467
-5.606010
19.264851
-17.175270
15.130139
-1.695452
-2.329223
-2.915329
3.649155
-1.549436
-0.113877
-12.205246
-7.014075
3.144215
-12.897564
7.017953
7.638442
5.969835
-0.253913
2.730810
-1.506100
-1.729743
1.937557
-0.404568
-7.924782
-4.543942
1.948138
-4.866192
9.165280
-12.493285
0.242954
0.179519
4.681710
-1.309244
1.508443
-1.598693
0.219865
-5.000730
-2.923635
1.234062
0.785381
6.924809
-2.151092
-0.248002
0.187859
2.452541
-1.125366
-0.098934
0.915880
0.317294
-3.224703
-1.868561
0.774897
1.742347
3.188777
-3.038383
-1.285810
0.860566
1.475622
-0.580661
0.024587
-0.289416
0.117384
-2.048104
-1.204929
0.488103
2.077119
2.169105
-2.331991
-0.851378
0.550994
0.958526
-0.369407
0.061226
0.034853
0.101641
-1.311184
-0.768229
0.309176
2.182408
1.382805
-1.338876
-0.740879
0.382479
0.573271
-0.246856
0.015161
-0.004745
0.070172
-0.838438
-0.491845
0.195733
2.227322
0.827022
-0.941036
-0.638590
0.278201
0.352396
-0.175435
0.012388
-0.011869
0.056190
-0.535701
-0.314735
0.124053
2.250723
0.522260
-0.612621
-0.554279
0.184667
0.219028
-0.134116
0.008154
-0.003659
0.046524
-0.342559
-0.201233
0.078654
2.265601
0.326298
-0.395467
-0.486427
0.123555
0.135183
-0.109072
0.004530
-0.003539
0.039393
-0.219002
-0.128707
0.049882
2.276177
0.203727
-0.257957
-0.429030
0.082068
0.083844
-0.093732
0.002875
-0.002417
0.033802
-0.140011
-0.082309
0.031641
2.284082
0.127988
-0.166732
-0.379975
0.053920
0.052135
-0.084223
0.001775
-0.001540
0.029232
-0.089517
-0.052635
0.020073
2.290123
0.080430
-0.107659
-0.337701
0.035314
0.032464
-0.078279
0.001088
-0.001047
0.025425
-0.057232
-0.033659
0.012736
2.294801
0.050635
-0.069454
-0.301047
0.023032
0.020264
-0.074545
0.000677
-0.000687
0.022220
-0.036592
-0.021524
0.008081
2.298450
0.031935
-0.044727
-0.269118
0.014971
0.012674
-0.072191
0.000421
-0.000449
0.019500
-0.023395
-0.013763
0.005128
2.301312
0.020167
-0.028778
-0.241189
0.009709
0.007941
-0.070704
0.000262
-0.000294
0.017178
-0.014958
-0.008801
0.003255
2.303577
0.012751
-0.018501
-0.216665
0.006283
0.004984
-0.069763
0.000164
-0.000191
0.015186
-0.009563
-0.005628
0.002066
2.305379
0.008071
-0.011885
-0.195055
0.004059
0.003133
-0.069166
0.000102
-0.000124
0.013470
-0.006115
-0.003598
0.001312
2.306804
0.005114
-0.007631
-0.175946
0.002619
0.001973
-0.068789
0.000064
-0.000080
0.011985
-0.003909
-0.002301
0.000833
2.307960
0.003243
-0.004897
-0.158997
0.001688
0.001244
-0.068549
0.000040
-0.000052
0.010695
-0.002500
-0.001471
0.000529
2.308867
0.002058
-0.003141
-0.143916
0.001087
0.000785
-0.068397
0.000025
-0.000033
0.009569
-0.001598
-0.000941
0.000337
2.309620
0.001307
-0.002014
-0.130461
0.000699
0.000496
-0.068301
0.000016
-0.000022
0.008583
-0.001022
-0.000602
0.000215
2.310232
0.000831
-0.001291
-0.118423
0.000449
0.000314
-0.068239
0.000010
-0.000014
0.007716
-0.000653
-0.000385
0.000137
2.310730
0.000528
-0.000827
-0.107628
0.000289
0.000199
-0.068201
0.000006
-0.000009
0.006951
-0.000418
-0.000246
0.000088
2.311129
0.000336
-0.000530
-0.097925
0.000185
0.000126
-0.068176
0.000004
-0.000006
0.006275
-0.000267
-0.000157
0.000057
2.311467
0.000214
-0.000340
-0.089185
0.000119
0.000080
-0.068160
0.000003
-0.000004
0.005674
-0.000171
-0.000101
0.000037
2.311746
0.000136
-0.000217
-0.081297
0.000076
0.000051
-0.068151
0.000002
-0.000002
0.005139
-0.000109
-0.000064
0.000024
2.311973
0.000087
-0.000139
-0.074166
0.000049
0.000032
-0.068144
0.000001
-0.000002
0.004661
-0.000070
-0.000041
0.000016
2.312131
0.000055
-0.000089
-0.067707
0.000031
0.000020
-0.068140
0.000001
-0.000001
0.004233
-0.000045
-0.000026
0.000011
2.312287
0.000035
-0.000057
-0.061851
0.000020
0.000013
-0.068138
0.000000
-0.000001
0.003848
1.621089
-1.570045
0.873038
2.312417
12.862402
13.778940
-0.056588
1.386367
-1.244794
0.234401
1.575570
1.748253
0.003500
3.808511
-3.916680
2.074276
1.949107
10.416121
9.189632
0.167074
1.488463
-1.529188
-0.453789
0.754550
0.553420
0.025067
4.790171
-5.479219
2.806074
2.169869
11.048082
8.909163
0.697324
0.177494
-0.528849
-0.742844
0.983706
0.809302
-0.048434
4.824511
-6.419219
3.229533
2.319002
12.041236
8.117563
1.274294
-0.511450
-0.007554
-1.019761
0.967347
0.538112
-0.021015
4.288840
-7.005491
3.477197
2.325199
12.019454
7.076853
1.704017
-0.844064
0.235011
-1.227507
0.888620
0.453924
-0.059933
3.436484
-7.382078
3.630136
2.288856
12.459593
5.674451
1.900615
-0.984949
0.369411
-1.327180
0.942192
0.317455
-0.056034
2.464598
-7.630038
3.729297
2.184397
12.653821
4.692305
1.909394
-0.990870
0.411238
-1.383433
0.926301
0.302061
-0.072503
1.518977
-7.801759
3.793651
2.057463
12.973937
3.609403
1.643404
-0.894284
0.446405
-1.413974
0.963691
0.253820
-0.060646
0.707715
-7.920280
3.833800
1.924735
13.192543
2.869358
1.239036
-0.759233
0.488964
-1.431201
0.965588
0.264926
-0.049965
0.095498
-8.000128
3.857071
1.833390
13.373464
2.250266
0.719747
-0.600501
0.559024
-1.442577
0.973222
0.259001
-0.024359
-0.290307
-8.050665
3.869288
1.807645
13.475092
1.868313
0.200375
-0.446072
0.639215
-1.450525
0.967044
0.268324
0.000097
-0.461427
-8.080896
3.875087
1.857298
13.531604
1.607109
-0.254696
-0.304148
0.713220
-1.456377
0.964312
0.264385
0.024673
-0.461390
-8.098532
3.877696
1.961225
13.561122
1.446390
-0.565793
-0.190673
0.764642
-1.460297
0.964238
0.255105
0.042061
-0.358709
-8.109341
3.878935
2.085809
13.586774
1.286308
-0.689715
-0.116525
0.789821
-1.462603
0.970784
0.227650
0.052133
-0.236147
-8.116590
3.879560
2.198930
13.615074
1.059727
-0.606243
-0.091315
0.794353
-1.463673
0.980603
0.182552
0.052784
-0.180084
-8.121611
3.879803
2.282096
13.647403
0.681828
-0.331412
-0.115676
0.788406
-1.464075
0.991511
0.115560
0.044889
-0.269168
-8.125243
3.879778
2.330426
13.688582
0.096421
0.095514
-0.182714
0.778643
-1.464364
1.003115
0.029535
0.029300
-0.564365
-8.129325
3.879504
2.346142
13.760887
-0.734852
0.615466
-0.277921
0.764214
-1.465050
1.020405
-0.072176
0.008373
-1.101115
-8.137301
3.878548
2.329416
13.906000
-1.815363
1.158204
-0.382391
0.738027
-1.466593
1.052321
-0.182199
-0.015288
-1.884759
-8.153177
3.875548
2.272003
14.172652
-3.120657
1.647251
-0.474833
0.693498
-1.469471
1.107901
-0.292272
-0.038299
-2.888824
-8.178864
3.868031
2.156045
14.587753
-4.600018
2.012177
-0.535013
0.633207
-1.474179
1.189650
-0.394263
-0.056599
-4.055414
-8.211503
3.852809
1.960995
15.125041
-6.182673
2.205258
-0.547518
0.574089
-1.481143
1.288539
-0.483727
-0.065628
-5.297969
-8.243528
3.827026
1.681363
15.698742
-7.772697
2.211098
-0.504398
0.543227
-1.490474
1.385361
-0.559610
-0.062481
-6.508555
-8.266089
3.789550
1.350488
16.192722
-9.246129
2.031672
-0.403659
0.564559
-1.501706
1.458460
-0.620904
-0.048049
-7.570158
-8.272745
3.742226
1.049976
16.497046
-10.467628
1.664386
-0.246191
0.646093
-1.513649
1.490705
-0.664514
-0.026233
-8.371011
-8.260765
3.690431
0.884636
16.534735
-11.310610
1.105602
-0.035270
0.776477
-1.524513
1.472671
-0.684402
-0.001619
-8.817668
-8.230545
3.642495
0.929806
16.284705
-11.666148
0.372513
0.221896
0.929862
-1.532204
1.404808
-0.670837
0.022007
-8.845436
-8.184707
3.607958
1.187251
15.785318
-11.462034
-0.482869
0.511754
1.073619
-1.534765
1.297829
-0.614968
0.042745
-8.425553
-8.127693
3.595033
1.580127
15.121584
-10.678393
-1.380112
0.812320
1.175599
-1.530971
1.171288
-0.514119
0.060466
-7.568483
-8.066050
3.608067
1.987995
14.408378
-9.355775
-2.233062
1.093998
1.209547
-1.520837
1.050582
-0.375711
0.076245
-6.322586
-8.009289
3.645831
2.298116
13.778437
-7.595283
-2.970213
1.323319
1.158799
-1.505828
0.962820
-0.217959
0.091735
-4.767579
-7.970517
3.701297
2.445498
13.371952
-5.550845
-3.537438
1.468222
1.019776
-1.488677
0.931475
-0.067493
0.108630
-3.003156
-7.964488
3.763165
2.422017
13.314159
-3.403782
-3.882612
1.504412
0.807722
-1.472797
0.968971
0.047251
0.127518
-1.136456
-7.999628
3.818792
2.247356
13.660510
-1.311350
-3.947337
1.424639
0.564798
-1.461436
1.067143
0.109055
0.144648
0.723728
-8.066757
3.857610
1.927407
14.323201
0.649459
-3.710426
1.250416
0.360287
-1.456806
1.193128
0.128423
0.148282
2.465101
-8.140020
3.873756
1.465832
15.077815
2.452286
-3.247153
1.029653
0.263964
-1.459501
1.303980
0.137138
0.126506
3.978166
-8.194986
3.867073
0.934649
15.707497
4.019075
-2.661429
0.802465
0.303918
-1.468232
1.372028
0.151723
0.084096
5.175016
-8.221545
3.842492
0.494908
16.090163
5.289126
-1.979132
0.575340
0.453770
-1.480139
1.392130
0.176000
0.035203
6.003544
-8.221435
3.808300
0.309536
16.172724
6.256972
-1.202270
0.340380
0.655845
-1.492143
1.368825
0.210642
-0.009670
6.451848
-8.201852
3.773767
0.434586
15.987634
6.885689
-0.381970
0.096130
0.851632
-1.501615
1.312921
0.241070
-0.043578
6.546626
-8.171462
3.746678
0.800707
15.618743
7.187034
0.384933
-0.146083
0.998981
-1.506577
1.240356
0.261791
-0.066326
6.347010
-8.138513
3.731551
1.270455
15.168647
7.204731
0.994103
-0.362725
1.077434
-1.506448
1.167260
0.271484
-0.079391
5.935599
-8.109868
3.729105
1.715340
14.723328
7.026832
1.377797
-0.528964
1.087626
-1.501968
1.105414
0.277827
-0.085236
5.407647
-8.090291
3.736945
2.058730
14.342809
6.756616
1.513811
-0.627457
1.046076
-1.494776
1.060466
0.289335
-0.085187
4.859954
-8.081807
3.750988
2.280072
14.053854
6.500139
1.418272
-0.653782
0.977426
-1.486821
1.031665
0.313540
-0.079701
4.380475
-8.083663
3.766983
2.396773
13.858754
6.342741
1.133415
-0.616274
0.906053
-1.479823
1.015204
0.352767
-0.068504
4.039392
-8.093228
3.781573
2.442487
13.746674
6.341318
0.720024
-0.532635
0.848630
-1.474913
1.007514
0.405252
-0.051838
3.881983
-8.107483
3.792660
2.450784
13.707321
6.517824
0.250012
-0.424661
0.810587
-1.472538
1.007761
0.465959
-0.031135
3.923803
-8.124086
3.799208
2.445465
13.735437
6.859770
-0.200827
-0.314247
0.788047
-1.472577
1.017236
0.528276
-0.009177
4.148788
-8.141344
3.800824
2.436970
13.825303
7.322331
-0.561696
-0.221411
0.774086
-1.474557
1.036624
0.584662
0.010573
4.510647
-8.157392
3.797480
2.424905
13.959658
7.833383
-0.776198
-0.163364
0.765272
-1.477836
1.062959
0.627427
0.024833
4.937595
-8.169536
3.789588
2.405330
14.103574
8.299771
-0.809914
-0.153115
0.764342
-1.481722
1.088782
0.649435
0.031358
5.340302
-8.174464
3.778360
2.379660
14.209301
8.616202
-0.652257
-0.197704
0.777432
-1.485487
1.104248
0.644741
0.029499
5.622550
-8.169236
3.766183
2.358640
14.230353
8.677831
-0.312723
-0.297060
0.808075
-1.488366
1.101000
0.608964
0.020174
5.693347
-8.152398
3.756623
2.357481
14.138628
8.395239
0.183892
-0.443930
0.852068
-1.489616
1.075924
0.539692
0.005253
5.478718
-8.124845
3.753808
2.383576
13.939162
7.708329
0.800024
-0.624422
0.895960
-1.488643
1.033621
0.437239
-0.013267
4.931394
-8.090500
3.761196
2.425915
13.678933
6.597899
1.486718
-0.818649
0.919317
-1.485227
0.987134
0.306214
-0.033917
4.036842
-8.057006
3.780054
2.455434
13.448049
5.093753
2.185328
-1.001510
0.899592
-1.479756
0.956619
0.157476
-0.056054
2.814399
-8.035989
3.808258
2.436525
13.371369
3.275264
2.827645
-1.144403
0.818942
-1.473364
0.965360
0.008974
-0.079645
1.313152
-8.040937
3.840012
2.337987
13.581276
1.257331
3.332724
-1.219237
0.673777
-1.467862
1.031768
-0.116999
-0.104087
-0.394628
-8.079800
3.866901
2.127260
14.155189
-0.846367
3.614863
-1.206927
0.487050
-1.465357
1.156986
-0.204067
-0.125108
-2.215974
-8.144946
3.880110
1.757477
15.030231
-2.965092
3.632890
-1.110160
0.314428
-1.467657
1.315457
-0.257522
-0.131899
-4.035119
-8.213865
3.873031
1.197079
15.994673
-5.042582
3.439908
-0.956040
0.225060
-1.475634
1.464488
-0.301595
-0.114462
-5.720719
-8.264656
3.843366
0.507396
16.820510
-6.950744
3.105500
-0.770989
0.260478
-1.488683
1.569967
-0.348364
-0.077657
-7.146325
-8.287166
3.794168
-0.124922
17.345969
-8.565595
2.607659
-0.558651
0.412692
-1.504653
1.616487
-0.400256
-0.033571
-8.208687
-8.281333
3.733597
-0.470915
17.469553
-9.807131
1.894139
-0.312414
0.637620
-1.520641
1.598449
-0.455182
0.008497
-8.838350
-8.252018
3.673228
-0.400717
17.201083
-10.561184
0.974609
-0.029193
0.879844
-1.533506
1.521768
-0.491314
0.041526
-9.005182
-8.205843
3.625172
0.051609
16.624995
-10.775134
-0.056563
0.282482
1.089177
-1.540327
1.402663
-0.494858
0.065166
-8.719611
-8.150008
3.598894
0.721638
15.872415
-10.442316
-1.058013
0.597800
1.229282
-1.539425
1.265047
-0.457054
0.080776
-8.030013
-8.092164
3.598818
1.410048
15.072691
-9.630459
-1.907167
0.883091
1.281290
-1.530897
1.133612
-0.385525
0.091465
-7.016052
-8.040628
3.623468
1.962761
14.346192
-8.452377
-2.529135
1.104453
1.243799
-1.516471
1.030080
-0.295751
0.099515
-5.778754
-8.003934
3.666295
2.308057
13.784287
-7.061356
-2.894082
1.236387
1.131128
-1.499028
0.966990
-0.209596
0.106518
-4.428544
-7.989033
3.717851
2.449622
13.443556
-5.614979
-2.996764
1.266949
0.971828
-1.481815
0.946091
-0.145190
0.112138
-3.073773
-7.997989
3.768568
2.434817
13.327866
-4.248024
-2.846607
1.201582
0.805100
-1.467624
0.957183
-0.111755
0.113820
-1.812071
-8.025394
3.811171
2.321547
13.383788
-3.047780
-2.472715
1.062622
0.672415
-1.458172
0.982510
-0.105713
0.107008
-0.724358
-8.060029
3.841992
2.163778
13.521008
-2.058867
-1.933492
0.882123
0.603200
-1.453806
1.004649
-0.115735
0.088410
0.131207
-8.090732
3.860942
2.013981
13.656255
-1.298706
-1.306659
0.688950
0.602658
-1.453653
1.014297
-0.131066
0.059619
0.725740
-8.111401
3.870449
1.920029
13.744132
-0.758148
-0.670401
0.501043
0.651759
-1.456129
1.011875
-0.144612
0.026379
1.063417
-8.121694
3.873992
1.908633
13.777261
-0.401510
-0.097581
0.328900
0.719460
-1.459557
1.003372
-0.151774
-0.005043
1.180396
-8.124818
3.874759
1.973177
13.772420
-0.175516
0.345040
0.182481
0.777880
-1.462620
0.995503
-0.149172
-0.030103
1.139310
-8.124839
3.874840
2.081164
13.754023
-0.012126
0.604938
0.073409
0.811993
-1.464593
0.992560
-0.133010
-0.046428
1.020702
-8.124752
3.875087
2.194187
13.739971
0.166822
0.654372
0.012137
0.821193
-1.465395
0.995034
-0.099495
-0.053163
0.912796
-8.125814
3.875492
2.285099
13.737271
0.440766
0.495932
0.003429
0.814332
-1.465418
1.000827
-0.046251
-0.050406
0.900718
-8.128151
3.875718
2.343371
13.748984
0.879770
0.160381
0.043761
0.801524
-1.465257
1.008360
0.026684
-0.039096
1.056145
-8.132105
3.875401
2.370548
13.786613
1.534091
-0.299932
0.121810
0.787176
-1.465506
1.019634
0.116630
-0.021043
1.428513
-8.139288
3.874059
2.370829
13.878244
2.426440
-0.817971
0.220671
0.767969
-1.466665
1.041087
0.218473
0.001167
2.038851
-8.152417
3.870718
2.342564
14.064091
3.548916
-1.318396
0.320241
0.736861
-1.469158
1.081158
0.325117
0.024328
2.876625
-8.173557
3.863575
2.274430
14.376360
4.864945
-1.726751
0.399605
0.690989
-1.473377
1.144979
0.428713
0.044614
3.899154
-8.201622
3.850083
2.148679
14.810712
6.312718
-1.983896
0.440126
0.638815
-1.479646
1.228738
0.522766
0.057774
3.738056
-8.126013
2.972002
1.800643
13.188150
-1.710489
2.499302
-0.594011
0.883955
-1.764336
0.892606
-0.910125
0.152487
2.523923
-6.535192
1.814051
2.321376
3.146922
6.764067
0.733007
-0.524153
2.185830
-1.140799
-0.492590
1.123075
-0.268502
1.562297
-4.254292
1.135728
2.486900
6.593988
-1.080602
-0.418363
-0.243738
2.241321
-0.773676
0.534918
-0.753520
0.003738
1.027816
-2.698340
0.718765
2.384923
3.465884
1.704420
0.440856
-0.533477
1.213352
-0.522365
-0.102916
0.349265
-0.005118
0.642226
-1.734721
0.454302
2.331588
2.151383
0.808653
0.112313
-0.179932
0.818694
-0.329739
0.051865
-0.086023
-0.017290
0.416300
-1.106819
0.287538
2.320219
1.490730
0.377421
0.138438
-0.139960
0.529198
-0.225844
0.017896
0.014322
-0.009457
0.265294
-0.707740
0.182254
2.314710
0.918607
0.331447
0.121785
-0.102705
0.331925
-0.165154
0.008388
0.006097
-0.008828
0.169434
-0.452678
0.115550
2.312567
0.591117
0.196450
0.107660
-0.062186
0.213884
-0.128285
0.007483
0.000004
-0.007617
0.108448
-0.289376
0.073281
2.311931
0.379311
0.126669
0.097023
-0.041658
0.136473
-0.105747
0.004249
0.001631
-0.006689
0.069306
-0.185030
0.046484
2.311828
0.241634
0.083258
0.087453
-0.027220
0.087051
-0.091773
0.002719
0.000820
-0.005941
0.044311
-0.118307
0.029489
2.311928
0.154557
0.053188
0.079029
-0.017606
0.055629
-0.083040
0.001769
0.000499
-0.005298
0.028332
-0.075642
0.018709
2.312099
0.098766
0.034304
0.071552
-0.011453
0.035516
-0.077554
0.001115
0.000357
-0.004742
0.018113
-0.048365
0.011871
2.312255
0.063096
0.022092
0.064881
-0.007417
0.022679
-0.074095
0.000714
0.000224
-0.004255
0.011581
-0.030924
0.007533
2.312369
0.040322
0.014195
0.058912
-0.004796
0.014485
-0.071910
0.000456
0.000146
-0.003828
0.007404
-0.019772
0.004780
2.312488
0.025766
0.009123
0.053557
-0.003099
0.009251
-0.070527
0.000291
0.000095
-0.003450
0.004734
-0.012642
0.003034
2.312588
0.016466
0.005860
0.048741
-0.001999
0.005909
-0.069651
0.000186
0.000061
-0.003116
0.003027
-0.008083
0.001926
2.312671
0.010523
0.003762
0.044401
-0.001289
0.003775
-0.069096
0.000119
0.000040
-0.002819
0.001935
-0.005168
0.001223
2.312727
0.006725
0.002414
0.040482
-0.000830
0.002411
-0.068744
0.000076
0.000026
-0.002554
0.001237
-0.003304
0.000777
2.312784
0.004298
0.001548
0.036938
-0.000534
0.001541
-0.068521
0.000048
0.000016
-0.002317
0.000791
-0.002113
0.000494
2.312831
0.002747
0.000993
0.033728
-0.000344
0.000984
-0.068379
0.000031
0.000011
-0.002105
0.000506
-0.001351
0.000314
2.312871
0.001756
0.000637
0.030816
-0.000221
0.000629
-0.068289
0.000020
0.000007
-0.001915
0.000323
-0.000864
0.000200
2.312905
0.001122
0.000408
0.028170
-0.000142
0.000402
-0.068232
0.000013
0.000004
-0.001743
0.000207
-0.000552
0.000128
2.312933
0.000717
0.000261
0.025764
-0.000091
0.000257
-0.068196
0.000008
0.000003
-0.001589
0.000132
-0.000353
0.000082
2.312956
0.000459
0.000168
0.023574
-0.000059
0.000164
-0.068173
0.000005
0.000002
-0.001449
0.000085
-0.000226
0.000053
2.312964
0.000293
0.000107
0.021579
-0.000038
0.000105
-0.068159
0.000003
0.000001
-0.001323
0.000054
-0.000144
0.000034
2.312980
0.000187
0.000069
0.019759
-0.000024
0.000067
-0.068149
0.000002
0.000001
-0.001208
0.000035
-0.000092
0.000023
2.312993
0.000120
0.000044
0.018098
-0.000015
0.000043
-0.068144
0.000001
0.000000
-0.001104
0.000022
-0.000059
0.000015
2.313002
0.000077
0.000028
0.016581
-0.000010
0.000027
-0.068140
0.000001
0.000000
-0.001009
0.000014
-0.000038
0.000010
2.313011
0.000049
0.000018
0.015196
-0.000006
0.000018
-0.068137
0.000001
0.000000
-0.000923
0.000009
-0.000024
0.000007
2.313018
0.000031
0.000012
0.013928
-0.000004
0.000011
-0.068136
0.000000
0.000000
-0.000845
0.000006
-0.000015
0.000006
2.313025
0.000020
0.000007
0.012769
-0.000003
0.000007
-0.068135
0.000000
0.000000
-0.000774
0.000004
-0.000010
0.000004
2.313030
0.000013
0.000005
0.011708
-0.000002
0.000005
-0.068134
0.000000
0.000000
-0.000708
0.000002
-0.000006
0.000004
2.313035
0.000008
0.000003
0.010737
-0.000001
0.000003
-0.068134
0.000000
0.000000
-0.000649
0.000002
-0.000004
0.000003
2.313040
0.000005
0.000002
0.009848
-0.000001
0.000002
-0.068134
0.000000
0.000000
-0.000595
0.000001
-0.000003
0.000003
2.313043
0.000003
0.000001
0.009034
-0.000000
0.000001
-0.068134
0.000000
0.000000
-0.000545
0.000001
-0.000002
0.000003
2.313047
0.000002
0.000001
0.008287
-0.000000
0.000001
-0.068133
0.000000
0.000000
-0.000500
0.000000
-0.000001
0.000003
2.313050
0.000001
0.000001
0.007603
-0.000000
0.000000
-0.068133
0.000000
0.000000
-0.000458
0.000000
-0.000001
0.000002
2.313053
0.000001
0.000000
0.006976
-0.000000
0.000000
-0.068133
0.000000
0.000000
-0.000420
0.000000
-0.000000
0.000002
2.313057
0.000001
0.000000
0.006402
-0.000000
0.000000
-0.068133
0.000000
0.000000
-0.000385
0.000000
-0.000000
0.000002
2.313060
0.000000
0.000000
0.005875
-0.000000
0.000000
-0.068133
0.000000
0.000000
-0.000353
0.000000
-0.000000
0.000002
2.313062
0.000000
0.000000
0.005391
-0.000000
0.000000
-0.068133
0.000000
0.000000
-0.000324
0.000000
-0.000000
0.000002
2.313065
0.000000
0.000000
0.004948
-0.000000
0.000000
-0.068133
0.000000
0.000000
-0.000297
0.000000
-0.000000
0.000002
2.313068
0.000000
0.000000
0.004541
-0.000000
0.000000
-0.068133
0.000000
0.000000
-0.000273
0.000000
-0.000000
0.000002
2.313069
0.000000
0.000000
0.004168
-0.000000
0.000000
-0.068133
0.000000
0.000000
-0.000250
0.000000
-0.000000
0.000002
2.313071
0.000000
0.000000
0.003826
-0.000000
0.000000
-0.068133
0.000000
0.000000
-0.000230
0.000000
-0.000000
0.000002
2.313074
0.000000
0.000000
0.003511
-0.000000
0.000000
-0.068133
0.000000
0.000000
-0.000211
0.000000
-0.000000
0.000002
2.313072
0.000000
0.000000
0.003223
-0.000000
0.000000
-0.068133
0.000000
0.000000
-0.000193
0.000000
-0.000000
0.000002
2.313075
0.000000
0.000000
0.002959
-0.000000
0.000000
-0.068133
0.000000
0.000000
-0.000178
0.000000
-0.000000
0.000002
2.313078
0.000000
0.000000
0.002716
-0.000000
0.000000
-0.068133
0.000000
0.000000
-0.000163
0.000000
-0.000000
0.000002
2.313082
0.000000
0.000000
0.002493
-0.000000
0.000000
-0.068133
0.000000
0.000000
-0.000150
0.000000
-0.000000
0.000002
2.313086
0.000000
0.000000
0.002289
-0.000000
0.000000
-0.068133
0.000000
0.000000
-0.000137
0.000000
-0.000000
0.000002
2.313090
0.000000
0.000000
0.002101
-0.000000
0.000000
-0.068133
0.000000
0.000000
-0.000126
0.000000
-0.000000
0.000002
2.313095
0.000000
0.000000
0.001929
-0.000000
0.000000
-0.068133
0.000000
0.000000
-0.000116
0.000000
-0.000000
0.000002
2.313100
0.000000
0.000000
0.001771
-0.000000
0.000000
-0.068133
0.000000
0.000000
-0.000106
0.000000
-0.000000
0.000002
2.313107
0.000000
0.000000
0.001625
-0.000000
0.000000
-0.068133
0.000000
0.000000
-0.000097
0.000000
-0.000000
0.000002
2.313114
0.000000
0.000000
0.001492
-0.000000
0.000000
-0.068133
0.000000
0.000000
-0.000089
0.000000
-0.000000
0.000002
2.313121
0.000000
0.000000
0.001370
-0.000000
0.000000
-0.068133
0.000000
0.000000
-0.000082
0.000000
-0.000000
0.000002
2.313106
0.000000
0.000000
0.001258
-0.000000
0.000000
-0.068133
0.000000
0.000000
-0.000075
0.000000
-0.000000
0.000002
2.313107
0.000000
0.000000
0.001155
-0.000000
0.000000
-0.068133
0.000000
0.000000
-0.000069
0.000000
-0.000000
0.000002
2.313085
0.000000
0.000000
0.001060
-0.000000
0.000000
-0.068133
0.000000
0.000000
-0.000064
0.000000
-0.000000
0.000002
2.313088
0.000000
0.000000
0.000973
-0.000000
0.000000
-0.068133
0.000000
0.000000
-0.000058
