0.000000
2.000000
250.000000
1.000000
0.000000
0.000000
0.000000
0.000000
0.000000
0.000000
0.000000
0.000000
0.000000
0.000000
2.000000
250.000001
1.000000
-0.000000
0.000000
0.000000
0.000000
0.000000
0.000002
-0.000000
0.000000
0.000000
0.127223
2.042596
249.598020
1.000000
-0.026053
0.077812
-0.000000
0.508893
0.170385
-0.803964
-0.104211
0.311250
-0.000000
1.523474
2.525677
248.478515
0.998543
-0.038277
0.094357
0.015927
2.652956
0.881475
-0.885271
0.052253
-0.245434
0.059571
4.506168
3.693882
246.881156
1.001255
-0.014274
0.012169
0.040196
3.396328
1.139832
-1.649747
0.028396
-0.087278
0.032933
7.740517
5.170134
245.062282
0.997208
-0.015664
-0.028429
0.088869
3.177221
1.064723
-2.023832
-0.037842
-0.074457
0.160766
10.386775
6.872295
243.180025
0.982056
-0.018572
-0.055553
0.189227
2.461616
0.973690
-2.098956
0.027957
-0.037025
0.242560
11.930395
8.692582
241.259184
0.939964
-0.022575
-0.066237
0.347750
1.649446
0.915018
-2.081726
-0.023139
-0.014649
0.412281
12.165489
10.460810
239.231914
0.860981
-0.032927
-0.054303
0.510619
1.207628
1.400144
-2.038565
0.034662
0.043448
0.312978
11.224454
12.234412
237.075920
0.816169
-0.032559
-0.027433
0.579489
1.272356
2.063668
-2.071790
0.033462
0.024821
0.018327
9.502866
14.169593
234.832000
0.815997
-0.018981
-0.026742
0.581243
1.148661
2.672612
-2.153892
0.012058
-0.049766
-0.013273
7.197712
16.106249
232.556681
0.861065
-0.011319
-0.002087
0.512133
0.538742
3.135130
-2.210500
0.068093
0.114993
-0.316142
4.778696
18.157447
230.310218
0.912638
0.004644
0.008073
0.411618
0.091479
3.065218
-2.277198
0.009156
-0.103501
-0.133714
2.540249
20.191605
228.104150
0.951624
0.004098
0.014211
0.310763
-0.536853
2.803924
-2.255214
0.000827
0.121070
-0.298971
0.634743
22.198730
225.929446
0.980810
0.002793
0.026621
0.196261
-0.581434
2.462978
-2.240368
0.014915
-0.075799
-0.173443
-0.779311
24.226903
223.763773
0.994447
0.002820
0.015185
0.109569
-0.730718
2.178473
-2.214018
-0.015054
0.027407
-0.177263
-1.863376
26.212231
221.592539
0.999630
-0.001204
0.015782
0.038551
-0.682281
2.038047
-2.201192
0.003542
-0.025027
-0.107809
-2.645660
28.200603
219.413010
1.000419
-0.001364
0.009687
-0.007372
-0.660541
1.963468
-2.195535
-0.002114
0.000288
-0.075900
-3.221840
30.187061
217.228279
0.999531
-0.002187
0.010896
-0.043679
-0.595678
1.933133
-2.194925
0.000137
0.003848
-0.069363
-3.574271
32.177260
215.040854
0.996918
-0.002726
0.015762
-0.086223
-0.488898
1.922008
-2.194507
-0.001607
0.014328
-0.101071
-3.610213
34.163997
212.850220
0.989849
-0.004184
0.024197
-0.148644
-0.320683
1.953814
-2.188629
-0.004319
0.017335
-0.150110
-3.175445
36.130690
210.648443
0.974962
-0.007594
0.032221
-0.227673
-0.094969
2.106248
-2.171818
-0.008706
0.011930
-0.171521
-2.119800
38.069016
208.420357
0.955691
-0.013049
0.035937
-0.298402
0.172551
2.455200
-2.147394
-0.009406
-0.000549
-0.121948
-0.358601
40.010216
206.152697
0.942216
-0.016056
0.035294
-0.339445
0.492228
2.945775
-2.133912
0.002507
-0.003268
-0.051035
2.103646
41.983573
203.849281
0.941157
-0.013446
0.027745
-0.343392
0.919427
3.380253
-2.154546
0.017543
-0.021589
0.034715
5.107778
43.996354
201.544118
0.952732
-0.007068
0.010810
-0.309826
1.387000
3.532146
-2.216344
0.027052
-0.035327
0.106998
8.304161
46.055175
199.293963
0.971061
0.000557
-0.012539
-0.243802
1.722919
3.279972
-2.281326
0.029536
-0.044789
0.166611
11.215532
48.144162
197.145400
0.990681
0.004241
-0.040734
-0.139166
1.743447
2.667991
-2.294781
0.018291
-0.056547
0.258988
13.301504
50.232526
195.090628
1.000779
0.000144
-0.068971
0.032905
1.356074
1.948427
-2.228380
0.005792
-0.047993
0.430790
14.065755
52.231265
193.045465
0.961265
-0.014067
-0.085296
0.293100
0.741036
1.695141
-2.106363
-0.007007
-0.017800
0.622548
13.249934
54.014484
190.892113
0.884142
-0.042429
-0.057670
0.469424
0.496048
2.523760
-1.985234
-0.004444
0.118526
0.153809
11.054126
55.952945
188.588133
0.828007
-0.037765
-0.068358
0.570179
0.673445
3.647737
-2.015649
0.006033
-0.178436
0.302962
7.434872
57.760188
186.128151
0.858967
-0.049260
-0.018642
0.524529
-0.191511
4.819690
-2.050855
0.081807
0.357085
-0.514703
3.050623
60.049990
183.646384
0.899333
0.017917
-0.033444
0.463762
-0.799771
5.020979
-2.451834
0.118759
-0.486296
0.235528
-1.784662
61.839962
181.192631
0.940556
-0.022556
0.014581
0.363866
-2.643279
4.528825
-2.403191
-0.162845
0.724574
-0.660933
-6.206365
63.976415
178.945718
0.982303
0.000536
0.070700
0.186468
-1.947937
3.766535
-2.516163
0.326616
-0.508800
-0.026333
-9.394517
66.356256
176.944330
0.992898
0.035400
0.027587
0.115694
-2.394101
2.346957
-2.187972
-0.210745
0.305371
-0.247634
-11.741845
68.197478
175.066180
0.997496
-0.019963
0.100069
-0.081546
-1.397889
1.747236
-2.123007
0.050850
-0.017532
-0.554293
-12.311504
70.147245
173.089927
0.944041
-0.018820
0.071121
-0.336405
-0.791948
1.770757
-2.020937
0.053472
-0.060374
-0.483802
-11.496141
72.014638
170.967546
0.885611
-0.027820
0.032335
-0.467132
-0.789469
2.263400
-2.064961
0.006431
-0.065247
-0.091881
-9.865242
74.021147
168.731064
0.860173
-0.018989
0.036406
-0.514935
-0.778382
2.845809
-2.136394
0.018082
0.097252
-0.123054
-7.512301
75.986906
166.444649
0.888459
-0.014017
0.004219
-0.465118
-0.133582
3.286589
-2.205660
0.066051
-0.193184
0.351719
-4.998074
78.091029
164.186851
0.930941
0.005698
-0.006606
-0.369956
0.184331
3.169765
-2.285373
0.023888
0.177405
0.061159
-2.635527
80.153833
161.975514
0.963310
0.003751
-0.012546
-0.274848
0.918444
2.828708
-2.265061
-0.021306
-0.195651
0.340645
-0.599639
82.167539
159.802953
0.988417
0.001412
-0.032296
-0.152510
0.816785
2.459032
-2.242407
0.037935
0.119536
0.157936
0.859774
84.223649
157.648018
0.998498
0.003747
-0.016076
-0.064014
0.971074
2.104731
-2.215155
-0.028103
-0.050637
0.197579
1.957571
86.209771
155.484975
1.000204
-0.002330
-0.020076
0.014662
0.846598
1.960497
-2.198570
0.009731
0.035260
0.117643
2.680732
88.201256
153.310864
0.998412
-0.001755
-0.011071
0.063638
0.795155
1.886777
-2.193033
-0.002771
0.000715
0.078361
3.168767
90.186760
151.128111
0.995697
-0.002756
-0.011031
0.097567
0.706943
1.873983
-2.192794
0.000275
0.000154
0.057799
3.430995
92.174908
148.940014
0.991979
-0.003292
-0.014013
0.130996
0.589478
1.887736
-2.193126
-0.002298
-0.010899
0.076700
3.408490
94.161170
146.747323
0.984692
-0.004644
-0.021032
0.179046
0.422238
1.940686
-2.189491
-0.004820
-0.014980
0.117610
2.972465
96.132796
144.544575
0.971109
-0.007491
-0.028649
0.243177
0.206505
2.089499
-2.176811
-0.008296
-0.012315
0.144533
1.980580
98.080592
142.319706
0.953522
-0.012055
-0.033078
0.305118
-0.048805
2.401612
-2.156311
-0.008944
-0.001529
0.113148
0.339113
100.025379
140.060531
0.940574
-0.015220
-0.033104
0.343650
-0.350581
2.849889
-2.142656
0.000075
0.003614
0.049636
-1.961284
101.997444
137.768303
0.938674
-0.013326
-0.027194
0.349748
-0.742510
3.274258
-2.156345
0.015231
0.016057
-0.024088
-4.794025
104.004972
135.470718
0.949063
-0.007612
-0.012166
0.320610
-1.188352
3.461484
-2.207528
0.024993
0.034029
-0.099400
-7.847592
106.056388
133.218558
0.967176
-0.000114
0.009762
0.258878
-1.530349
3.273610
-2.268894
0.029952
0.040428
-0.157482
-10.673040
108.139615
131.057672
0.987736
0.004320
0.036745
0.159338
-1.602444
2.722084
-2.287826
0.019852
0.055326
-0.248820
-12.748531
110.225691
128.987481
1.001203
0.001478
0.064940
-0.005183
-1.287060
2.025358
-2.233026
0.008097
0.048215
-0.411692
-13.574690
112.234410
126.934471
0.970944
-0.011222
0.083085
-0.258505
-0.713561
1.714848
-2.120274
-0.006322
0.022640
-0.609349
-12.862209
114.036409
124.786486
0.894623
-0.038382
0.061649
-0.448617
-0.413657
2.450303
-1.998282
-0.012067
-0.100425
-0.215565
-10.720066
115.939568
122.919982
0.841549
-0.035916
0.058728
-0.545511
-0.526089
3.619753
-1.176218
0.036115
0.113982
-0.225005
-7.248083
117.768123
121.748649
0.855982
0.025263
-0.029137
-0.518576
0.137012
3.944925
-1.032990
0.368831
-0.245410
0.355817
-4.443465
119.365066
121.143623
0.919383
0.061691
-0.052983
-0.385958
0.293723
2.174860
-0.856992
-0.183520
0.257165
0.219398
-2.950987
120.357220
120.716672
0.951414
0.024055
-0.006270
-0.307095
0.679965
1.308139
-0.404917
-0.016532
-0.113645
0.112487
-1.846298
120.915144
120.447303
0.965346
0.013028
-0.021769
-0.259786
0.481472
0.833200
-0.245577
-0.006738
0.046077
0.086747
-1.184223
121.313155
120.283613
0.974691
0.010352
-0.009027
-0.223158
0.333805
0.503576
-0.144626
-0.013975
0.003158
0.063899
-0.758090
121.559386
120.179205
0.980783
0.005687
-0.006637
-0.194917
0.239797
0.309026
-0.087257
-0.005567
0.003423
0.051737
-0.483505
121.717368
120.113504
0.985154
0.003632
-0.004490
-0.171587
0.160752
0.191577
-0.053747
-0.003640
0.004060
0.043212
-0.309235
121.819273
120.071935
0.988397
0.002305
-0.002804
-0.151853
0.107497
0.118314
-0.033379
-0.002434
0.002022
0.036783
-0.197658
121.884317
120.045607
0.990854
0.001430
-0.001842
-0.134920
0.071412
0.073338
-0.020890
-0.001442
0.001436
0.031659
-0.126333
121.925980
120.028925
0.992741
0.000901
-0.001191
-0.120266
0.046969
0.045583
-0.013137
-0.000906
0.000961
0.027442
-0.080765
121.952650
120.018349
0.994204
0.000567
-0.000767
-0.107510
0.030767
0.028380
-0.008287
-0.000567
0.000616
0.023915
-0.051630
121.969710
120.011642
0.995347
0.000357
-0.000495
-0.096356
0.020072
0.017710
-0.005238
-0.000353
0.000404
0.020936
-0.033007
121.980626
120.007388
0.996247
0.000225
-0.000318
-0.086562
0.013050
0.011074
-0.003316
-0.000221
0.000263
0.018402
-0.021102
121.987608
120.004690
0.996959
0.000142
-0.000205
-0.077932
0.008464
0.006938
-0.002100
-0.000139
0.000170
0.016235
-0.013491
121.992075
120.002978
0.997526
0.000090
-0.000132
-0.070301
0.005478
0.004354
-0.001331
-0.000087
0.000110
0.014373
-0.008625
121.994932
120.001891
0.997980
0.000057
-0.000084
-0.063532
0.003540
0.002737
-0.000844
-0.000055
0.000071
0.012765
-0.005514
121.996759
120.001202
0.998345
0.000036
-0.000054
-0.057509
0.002284
0.001723
-0.000535
-0.000034
0.000046
0.011372
-0.003525
121.997927
120.000765
0.998640
0.000023
-0.000035
-0.052135
0.001472
0.001086
-0.000340
-0.000022
0.000030
0.010159
-0.002254
121.998674
120.000487
0.998880
0.000015
-0.000022
-0.047326
0.000948
0.000685
-0.000215
-0.000014
0.000019
0.009099
-0.001441
121.999152
120.000311
0.999075
0.000009
-0.000014
-0.043014
0.000610
0.000433
-0.000137
-0.000009
0.000012
0.008169
-0.000921
121.999458
120.000200
0.999234
0.000006
-0.000009
-0.039137
0.000392
0.000274
-0.000087
-0.000005
0.000008
0.007351
-0.000589
121.999653
120.000129
0.999365
0.000004
-0.000006
-0.035645
0.000252
0.000173
-0.000055
-0.000003
0.000005
0.006628
-0.000377
121.999778
120.000084
0.999472
0.000002
-0.000004
-0.032493
0.000162
0.000110
-0.000035
-0.000002
0.000003
0.005987
-0.000241
121.999858
120.000055
0.999561
0.000002
-0.000002
-0.029644
0.000104
0.000070
-0.000022
-0.000001
0.000002
0.005417
-0.000154
121.999909
120.000037
0.999634
0.000001
-0.000002
-0.027063
0.000067
0.000044
-0.000014
-0.000001
0.000001
0.004909
-0.000098
121.999942
120.000026
0.999694
0.000001
-0.000001
-0.024723
0.000043
0.000028
-0.000009
-0.000001
0.000001
0.004455
-0.000063
121.999963
120.000018
0.999745
0.000000
-0.000001
-0.022598
0.000027
0.000018
-0.000006
-0.000000
0.000001
0.004048
-0.000040
121.999976
120.000014
0.999786
0.000000
-0.000000
-0.020666
0.000018
0.000011
-0.000004
-0.000000
0.000000
0.003682
-0.000026
121.999985
120.000011
0.999821
0.000000
-0.000000
-0.018907
0.000011
0.000007
-0.000002
-0.000000
0.000000
0.003353
-0.043915
122.042673
119.754025
0.999850
-0.025603
-0.027329
-0.017304
-0.181453
0.164487
-0.491970
-0.100329
-0.111230
0.003060
-0.544809
122.537766
119.091516
0.999385
-0.035733
-0.033040
-0.024738
-0.943705
0.871840
-0.711543
0.059772
0.088004
-0.031882
-1.596133
123.668429
118.153673
0.999774
-0.015982
-0.007057
-0.040325
-1.273218
1.250393
-0.990360
0.014762
0.019487
-0.029212
-2.785033
125.122698
117.043769
0.998684
-0.011204
0.002080
-0.061976
-1.360243
1.424926
-1.153139
0.002787
0.018160
-0.057059
-3.914582
126.779242
115.835623
0.996381
-0.008091
0.007976
-0.090801
-1.327864
1.527300
-1.237061
0.008615
0.006674
-0.058259
-4.872352
128.564995
114.576991
0.993047
-0.005872
0.011004
-0.121748
-1.236898
1.576692
-1.284774
0.000270
0.006346
-0.066052
-5.600897
130.425124
113.287217
0.988901
-0.005068
0.011869
-0.151466
-1.108773
1.628555
-1.309033
0.003864
-0.002426
-0.053875
-6.085993
132.332564
111.976425
0.985140
-0.004201
0.010615
-0.174240
-0.979628
1.685150
-1.322950
0.001445
-0.002046
-0.038411
-6.352703
134.269198
110.650897
0.982784
-0.003582
0.008626
-0.187038
-0.849493
1.753076
-1.331619
0.002979
-0.005494
-0.013631
-6.442568
136.226739
109.315233
0.982618
-0.002754
0.005884
-0.187941
-0.727329
1.819294
-1.338072
0.002419
-0.004896
0.009953
-6.410666
138.199190
107.973263
0.984498
-0.001983
0.003200
-0.177849
-0.612470
1.875645
-1.342867
0.002436
-0.005301
0.031095
-6.311623
140.182203
106.627857
0.987704
-0.001326
0.000767
-0.159095
-0.510662
1.915968
-1.346177
0.001652
-0.003956
0.044987
-6.193983
142.171997
105.280882
0.991238
-0.000924
-0.000945
-0.135344
-0.424631
1.941430
-1.348065
0.000925
-0.002588
0.051047
-6.091736
144.165737
103.933247
0.994289
-0.000766
-0.001734
-0.110707
-0.356095
1.956421
-1.348910
0.000182
-0.000446
0.048236
-6.020165
146.161644
102.585271
0.996433
-0.000789
-0.001424
-0.089376
-0.301872
1.966003
-1.349218
-0.000280
0.001624
0.037510
-5.973135
148.158865
101.237053
0.997622
-0.000892
-0.000049
-0.074982
-0.255923
1.973270
-1.349360
-0.000531
0.003639
0.020257
-5.923958
150.156944
99.888672
0.997981
-0.001022
0.002247
-0.070192
-0.209874
1.979937
-1.349364
-0.000661
0.005129
-0.001038
-5.828479
152.155185
98.540077
0.997554
-0.001199
0.005174
-0.076313
-0.155117
1.988695
-1.348913
-0.000843
0.005977
-0.023494
-5.630703
154.152258
97.190759
0.996171
-0.001503
0.008357
-0.093040
-0.083909
2.005867
-1.347578
-0.001147
0.005959
-0.043623
-5.270044
156.146402
95.839438
0.993553
-0.002020
0.011352
-0.118213
0.009306
2.041795
-1.345166
-0.001506
0.005066
-0.057588
-4.689587
158.136334
94.484076
0.989648
-0.002755
0.013733
-0.147829
0.127567
2.107524
-1.342020
-0.001695
0.003415
-0.061879
-3.843916
160.122508
93.122361
0.984984
-0.003572
0.015173
-0.176687
0.272037
2.208285
-1.339097
-0.001410
0.001334
-0.055034
-2.705300
162.107649
91.752605
0.980662
-0.004195
0.015478
-0.199741
0.443017
2.337328
-1.337767
-0.000472
-0.000896
-0.038777
-1.267945
164.095635
90.374746
0.977879
-0.004350
0.014539
-0.213400
0.639005
2.474665
-1.339319
0.000944
-0.003224
-0.016976
0.448923
166.089645
88.991068
0.977392
-0.003932
0.012292
-0.216013
0.853112
2.592231
-1.344351
0.002402
-0.005587
0.006348
2.399405
168.091277
87.606296
0.979266
-0.003039
0.008788
-0.207558
1.069959
2.662552
-1.352284
0.003523
-0.007746
0.028275
4.512164
170.100680
86.226851
0.983005
-0.001899
0.004214
-0.188948
1.266489
2.666607
-1.361351
0.004074
-0.009496
0.047615
6.694894
172.116928
84.859360
0.987832
-0.000794
-0.001129
-0.161267
1.416678
2.598355
-1.369104
0.003979
-0.010621
0.064725
8.841264
174.138298
83.508800
0.992902
0.000015
-0.006843
-0.125193
1.498243
2.465494
-1.373187
0.003301
-0.010925
0.080928
10.839505
176.162343
82.176856
0.997341
0.000318
-0.012456
-0.080735
1.498511
2.287689
-1.372126
0.002215
-0.010242
0.097730
12.581869
178.185733
80.861046
1.000101
-0.000009
-0.017454
-0.027422
1.417721
2.094068
-1.365873
0.000988
-0.008480
0.115770
13.974241
180.204021
79.555000
0.999822
-0.000982
-0.021302
0.034813
1.269479
1.920699
-1.355877
-0.000049
-0.005655
0.133156
14.945313
182.211826
78.249974
0.995059
-0.002481
-0.023504
0.103813
1.078353
1.806333
-1.344652
-0.000596
-0.001994
0.143507
15.454424
184.204592
76.937199
0.985410
-0.004245
-0.023752
0.173207
0.873134
1.782653
-1.335002
-0.000503
0.001867
0.136769
15.495746
186.182599
75.610279
0.973049
-0.005855
-0.022216
0.233005
0.673934
1.859038
-1.329255
0.000290
0.004694
0.107527
15.095022
188.153754
74.266683
0.962261
-0.006737
-0.019575
0.274347
0.479413
2.013323
-1.328688
0.001866
0.005738
0.063424
14.300083
190.128985
72.907893
0.956603
-0.006485
-0.016321
0.293704
0.271523
2.199759
-1.333180
0.003836
0.006425
0.017261
13.175198
192.114608
71.538570
0.957043
-0.005278
-0.012476
0.292478
0.039302
2.367512
-1.341312
0.005100
0.007451
-0.022454
11.800133
194.111373
70.165117
0.962310
-0.003648
-0.008210
0.274766
-0.207422
2.478501
-1.350618
0.005276
0.007839
-0.051433
10.264311
196.117058
68.793900
0.970199
-0.002080
-0.003885
0.245406
-0.445007
2.516487
-1.358465
0.004619
0.007773
-0.070135
8.657479
198.128362
67.429638
0.978691
-0.000882
0.000116
0.208760
-0.647459
2.486273
-1.363188
0.003452
0.006839
-0.080288
7.060847
200.141962
66.074446
0.986367
-0.000173
0.003388
0.168438
-0.797995
2.407115
-1.364294
0.002125
0.005218
-0.083857
5.539245
202.154954
64.727820
0.992430
0.000079
0.005617
0.127477
-0.892693
2.303997
-1.362391
0.000968
0.002985
-0.081737
4.135660
204.165151
63.387403
0.996595
0.000001
0.006615
0.088731
-0.938950
2.200138
-1.358719
0.000155
0.000535
-0.074116
2.868513
206.171285
62.050096
0.998993
-0.000238
0.006372
0.055038
-0.950529
2.112327
-1.354616
-0.000247
-0.001801
-0.060979
1.732163
208.173120
60.713056
1.000076
-0.000488
0.005046
0.029037
-0.942804
2.049132
-1.351058
-0.000332
-0.003648
-0.043103
0.700374
210.171262
59.374262
1.000423
-0.000661
0.002938
0.012652
-0.929272
2.011948
-1.348460
-0.000261
-0.004797
-0.022444
-0.267812
212.166712
58.032582
1.000500
-0.000754
0.000425
0.006554
-0.920234
1.997892
-1.346745
-0.000208
-0.005145
-0.001952
-1.220794
214.160417
56.687520
1.000501
-0.000821
-0.002085
0.009858
-0.922760
2.002935
-1.345619
-0.000257
-0.004692
0.015159
-2.206591
216.153135
55.338912
1.000380
-0.000927
-0.004197
0.020195
-0.940890
2.023465
-1.344883
-0.000363
-0.003499
0.026179
-3.265271
218.145673
53.986832
1.000038
-0.001086
-0.005564
0.034124
-0.975427
2.055667
-1.344632
-0.000390
-0.001708
0.029541
-4.422370
220.139180
52.631740
0.999509
-0.001245
-0.005923
0.047784
-1.023611
2.093618
-1.345226
-0.000212
0.000478
0.025128
-5.683940
222.135131
51.274789
0.999013
-0.001313
-0.005120
0.057574
-1.079014
2.128057
-1.347027
0.000175
0.002825
0.014073
-7.033626
224.134933
49.918019
0.998833
-0.001232
-0.003122
0.060618
-1.131808
2.147360
-1.350049
0.000637
0.005095
-0.001870
-8.432055
226.139435
48.564213
0.999137
-0.001023
-0.000020
0.054897
-1.169551
2.140704
-1.353700
0.000974
0.007041
-0.021034
-9.818747
228.148554
47.216271
0.999829
-0.000795
0.003965
0.039072
-1.178839
2.102164
-1.356819
0.001015
0.008421
-0.042297
-11.116622
230.161053
45.876213
1.000456
-0.000717
0.008494
0.012229
-1.147984
2.034318
-1.358022
0.000681
0.009009
-0.065063
-12.238829
232.174346
44.544117
1.000143
-0.000972
0.013122
-0.026186
-1.070265
1.950534
-1.356256
0.000021
0.008605
-0.088564
-13.097413
234.184368
43.217447
0.997608
-0.001701
0.017314
-0.075854
-0.946784
1.875397
-1.351306
-0.000787
0.007066
-0.110332
-13.613214
236.185923
41.891182
0.991498
-0.002954
0.020487
-0.134208
-0.787373
1.841740
-1.344017
-0.001476
0.004411
-0.124339
-13.725938
238.174577
40.558933
0.981443
-0.004623
0.022156
-0.194889
-0.607238
1.881268
-1.336154
-0.001740
0.001082
-0.121698
-13.401926
240.150581
39.214784
0.969341
-0.006352
0.022216
-0.248409
-0.417348
2.008526
-1.329984
-0.001194
-0.001816
-0.097816
-12.635862
242.121379
37.855131
0.958916
-0.007496
0.021022
-0.286301
-0.213638
2.208128
-1.327689
0.000506
-0.003469
-0.059417
-11.447179
244.097083
36.479858
0.953343
-0.007506
0.018810
-0.304717
0.020034
2.437644
-1.330667
0.002935
-0.005049
-0.017554
-9.879452
246.083548
35.092665
0.953636
-0.006423
0.015467
-0.304166
0.291557
2.643807
-1.338902
0.004916
-0.007078
0.020003
-8.002678
248.081919
33.700494
0.958789
-0.004677
0.011082
-0.287752
0.586898
2.781303
-1.350542
0.005975
-0.008588
0.048787
-5.909575
250.090766
32.311945
0.966845
-0.002761
0.005944
-0.259389
0.874871
2.824808
-1.362498
0.006072
-0.009819
0.069105
-3.707475
252.107511
30.935104
0.975918
-0.001079
0.000417
-0.222479
1.118158
2.772119
-1.371753
0.005389
-0.010192
0.082868
-1.509138
254.129221
29.575430
0.984613
0.000102
-0.005034
-0.179391
1.287558
2.640122
-1.376152
0.004140
-0.009771
0.092888
0.577044
256.152819
28.234435
0.991994
0.000657
-0.009940
-0.131472
1.368987
2.457444
-1.375002
0.002700
-0.008319
0.100993
2.456119
258.175144
26.909526
0.997368
0.000591
-0.013848
-0.079554
1.364997
2.257257
-1.369128
0.001334
-0.006039
0.107746
4.054457
260.192977
25.594997
1.000143
0.000018
-0.016400
-0.024764
1.291136
2.072044
-1.360510
0.000365
-0.003079
0.111670
5.325485
262.203455
24.283827
0.999947
-0.000855
-0.017375
0.030541
1.170737
1.928743
-1.351583
-0.000058
0.000112
0.109546
6.252693
264.204924
22.969653
0.997018
-0.001768
-0.016778
0.082285
1.028098
1.843736
-1.344468
0.000089
0.003012
0.097763
6.848843
266.198086
21.648261
0.992535
-0.002461
-0.014871
0.125299
0.881717
1.818629
-1.340415
0.000657
0.005088
0.075234
7.151074
268.186297
20.318144
0.988327
-0.002738
-0.012099
0.155101
0.740361
1.840336
-1.339602
0.001411
0.006164
0.045162
7.213196
270.174061
18.980120
0.985965
-0.002552
-0.008909
0.169533
0.605330
1.886936
-1.341290
0.002035
0.006470
0.013343
7.097841
272.164710
17.636386
0.986038
-0.002040
-0.005657
0.169166
0.476937
1.936504
-1.344213
0.002221
0.006205
-0.014828
6.869455
274.159295
16.289450
0.988103
-0.001446
-0.002672
0.156674
0.358578
1.974342
-1.347085
0.001891
0.005343
-0.035804
6.587284
276.157076
14.941312
0.991162
-0.000978
-0.000283
0.135970
0.255606
1.995595
-1.349063
0.001230
0.003883
-0.047893
6.298444
278.156587
13.593075
0.994206
-0.000732
0.001220
0.111515
0.171856
2.003215
-1.349948
0.000508
0.001937
-0.050666
6.032254
280.156536
12.245034
0.996575
-0.000688
0.001649
0.087817
0.107079
2.003532
-1.350042
-0.000054
-0.000261
-0.044583
5.796856
282.156229
10.897028
0.998054
-0.000760
0.000954
0.068993
0.056649
2.002194
-1.349789
-0.000369
-0.002404
-0.030933
5.578619
284.155480
9.548798
0.998741
-0.000868
-0.000766
0.058324
0.012915
2.002534
-1.349451
-0.000503
-0.004199
-0.011830
5.344330
286.154148
8.200091
0.998787
-0.000990
-0.003278
0.057849
-0.033071
2.006739
-1.348945
-0.000609
-0.005405
0.009914
5.045823
288.151652
6.850483
0.998176
-0.001176
-0.006246
0.068055
-0.090093
2.018473
-1.347932
-0.000819
-0.005843
0.030965
4.626535
290.146874
5.499078
0.996695
-0.001516
-0.009255
0.087654
-0.165575
2.044623
-1.346108
-0.001144
-0.005419
0.047633
4.029348
292.138688
4.144345
0.994143
-0.002063
-0.011875
0.113536
-0.264657
2.094111
-1.343533
-0.001435
-0.004174
0.056375
3.204634
294.127004
2.784344
0.990673
-0.002758
-0.013724
0.141160
-0.389930
2.173279
-1.340827
-0.001418
-0.002320
0.054973
2.167328
296.118491
1.682701
0.996724
-0.001684
0.017475
0.101523
-0.547693
2.188711
-0.859750
0.024651
0.121309
-0.215015
1.435653
298.119977
1.035634
0.998969
0.029584
0.011754
0.052856
-0.259049
1.873474
-0.575203
0.101834
-0.151671
0.025431
0.963988
299.589943
0.660388
0.998065
0.033837
-0.000030
0.055102
-0.393879
1.085673
-0.368504
-0.087693
0.103951
-0.014243
0.565316
300.430404
0.416899
0.998679
0.012393
0.011884
0.048885
-0.176164
0.711233
-0.211511
0.004629
-0.052517
-0.013001
0.377976
301.002476
0.263217
0.999008
0.011114
0.000985
0.043176
-0.121532
0.460752
-0.128345
-0.011591
0.008926
-0.009297
0.239881
301.362432
0.166765
0.999222
0.006546
0.002535
0.038819
-0.087946
0.290508
-0.079011
-0.006387
-0.002141
-0.008251
0.152588
301.591789
0.105678
0.999379
0.004145
0.001473
0.034963
-0.054719
0.186515
-0.049044
-0.003342
-0.001837
-0.007179
0.097921
301.739160
0.067000
0.999497
0.002707
0.000865
0.031586
-0.036236
0.119103
-0.030695
-0.002473
-0.000450
-0.006336
0.062524
301.833206
0.042492
0.999589
0.001713
0.000600
0.028595
-0.023709
0.075983
-0.019301
-0.001521
-0.000516
-0.005636
0.039967
301.893346
0.026955
0.999663
0.001096
0.000379
0.025929
-0.015359
0.048542
-0.012175
-0.000966
-0.000316
-0.005033
0.025558
301.931810
0.017101
0.999723
0.000701
0.000243
0.023544
-0.009983
0.030993
-0.007696
-0.000623
-0.000195
-0.004510
0.016337
301.956400
0.010852
0.999771
0.000448
0.000157
0.021404
-0.006467
0.019791
-0.004871
-0.000396
-0.000131
-0.004051
0.010445
301.972122
0.006887
0.999810
0.000286
0.000101
0.019480
-0.004182
0.012640
-0.003086
-0.000253
-0.000084
-0.003647
0.006678
301.982175
0.004372
0.999843
0.000183
0.000065
0.017746
-0.002702
0.008073
-0.001956
-0.000162
-0.000054
-0.003290
0.004269
301.988603
0.002776
0.999869
0.000117
0.000042
0.016180
-0.001744
0.005156
-0.001240
-0.000103
-0.000035
-0.002974
0.002730
301.992713
0.001763
0.999891
0.000075
0.000027
0.014764
-0.001124
0.003294
-0.000787
-0.000066
-0.000023
-0.002692
0.001745
301.995341
0.001121
0.999909
0.000048
0.000017
0.013481
-0.000724
0.002104
-0.000499
-0.000042
-0.000015
-0.002440
0.001116
301.997021
0.000713
0.999924
0.000031
0.000011
0.012317
-0.000466
0.001344
-0.000317
-0.000027
-0.000009
-0.002215
0.000713
301.998095
0.000455
0.999937
0.000019
0.000007
0.011260
-0.000300
0.000859
-0.000201
-0.000017
-0.000006
-0.002014
0.000456
301.998782
0.000291
0.999947
0.000012
0.000005
0.010299
-0.000193
0.000549
-0.000127
-0.000011
-0.000004
-0.001832
0.000292
301.999221
0.000186
0.999956
0.000008
0.000003
0.009423
-0.000124
0.000351
-0.000081
-0.000007
-0.000002
-0.001669
0.000186
301.999502
0.000120
0.999963
0.000005
0.000002
0.008626
-0.000080
0.000224
-0.000051
-0.000004
-0.000002
-0.001521
0.000119
301.999682
0.000078
0.999969
0.000003
0.000001
0.007899
-0.000051
0.000143
-0.000033
-0.000003
-0.000001
-0.001388
0.000076
301.999796
0.000052
0.999974
0.000002
0.000001
0.007235
-0.000033
0.000092
-0.000021
-0.000002
-0.000001
-0.001267
0.000049
301.999870
0.000035
0.999978
0.000001
0.000000
0.006628
-0.000021
0.000058
-0.000013
-0.000001
-0.000000
-0.001158
0.000031
301.999917
0.000024
0.999982
0.000001
0.000000
0.006074
-0.000013
0.000037
-0.000008
-0.000001
-0.000000
-0.001058
0.000020
301.999947
0.000018
0.999984
0.000001
0.000000
0.005568
-0.000009
0.000024
-0.000005
-0.000000
-0.000000
-0.000968
0.000013
301.999966
0.000013
0.999987
0.000000
0.000000
0.005105
-0.000006
0.000015
-0.000003
-0.000000
-0.000000
-0.000886
0.000008
301.999978
0.000010
0.999989
0.000000
0.000000
0.004681
-0.000004
0.000010
-0.000002
-0.000000
-0.000000
-0.000811
0.000005
301.999986
0.000009
0.999991
0.000000
0.000000
0.004292
-0.000002
0.000006
-0.000001
-0.000000
-0.000000
-0.000742
0.000003
301.999991
0.000008
0.999992
0.000000
0.000000
0.003937
-0.000001
0.000004
-0.000001
-0.000000
-0.000000
-0.000680
0.000002
301.999994
0.000007
0.999993
0.000000
0.000000
0.003611
-0.000001
0.000003
-0.000001
-0.000000
-0.000000
-0.000623
0.000001
301.999996
0.000006
0.999995
0.000000
0.000000
0.003313
-0.000001
0.000002
-0.000000
-0.000000
-0.000000
-0.000571
0.000001
301.999998
0.000006
0.999995
0.000000
0.000000
0.003040
-0.000000
0.000001
-0.000000
-0.000000
-0.000000
-0.000523
0.000001
301.999999
0.000006
0.999996
0.000000
0.000000
0.002789
-0.000000
0.000001
-0.000000
-0.000000
-0.000000
-0.000480
0.000000
301.999999
0.000006
0.999997
0.000000
0.000000
0.002559
-0.000000
0.000000
-0.000000
-0.000000
-0.000000
-0.000440
0.000000
301.999999
0.000006
0.999997
0.000000
0.000000
0.002348
-0.000000
0.000000
-0.000000
-0.000000
-0.000000
-0.000403
0.000000
302.000000
0.000006
0.999998
0.000000
0.000000
0.002155
-0.000000
0.000000
-0.000000
-0.000000
-0.000000
-0.000370
0.000000
302.000000
0.000006
0.999998
0.000000
0.000000
0.001978
-0.000000
0.000000
-0.000000
-0.000000
-0.000000
-0.000339
0.000000
302.000000
0.000006
0.999998
0.000000
0.000000
0.001815
-0.000000
0.000000
-0.000000
-0.000000
-0.000000
-0.000311
0.000000
302.000000
0.000006
0.999999
0.000000
0.000000
0.001666
-0.000000
0.000000
-0.000000
-0.000000
-0.000000
-0.000285
0.000000
302.000000
0.000006
0.999999
0.000000
0.000000
0.001529
-0.000000
0.000000
-0.000000
-0.000000
-0.000000
-0.000262
0.000000
302.000000
0.000006
0.999999
0.000000
0.000000
0.001404
-0.000000
0.000000
-0.000000
-0.000000
-0.000000
-0.000240
0.000000
302.000000
0.000006
0.999999
0.000000
0.000000
0.001289
-0.000000
0.000000
-0.000000
-0.000000
-0.000000
-0.000221
0.000000
302.000000
0.000006
0.999999
0.000000
0.000000
0.001183
-0.000000
0.000000
-0.000000
-0.000000
-0.000000
-0.000202
0.000000
302.000000
0.000006
0.999999
0.000000
0.000000
0.001086
-0.000000
0.000000
-0.000000
-0.000000
-0.000000
-0.000186
0.000000
302.000000
0.000006
1.000000
0.000000
0.000000
0.000997
-0.000000
0.000000
-0.000000
-0.000000
-0.000000
-0.000170
0.000000
302.000000
0.000006
1.000000
0.000000
0.000000
0.000915
-0.000000
0.000000
-0.000000
-0.000000
-0.000000
-0.000156
0.000000
302.000000
0.000006
1.000000
0.000000
0.000000
0.000840
-0.000000
0.000000
-0.000000
-0.000000
-0.000000
-0.000144
0.000000
302.000000
0.000006
1.000000
0.000000
0.000000
0.000771
-0.000000
0.000000
-0.000000
-0.000000
-0.000000
-0.000132
0.000000
302.000000
0.000006
1.000000
0.000000
0.000000
0.000708
-0.000000
0.000000
-0.000000
-0.000000
-0.000000
-0.000121
0.000000
302.000000
0.000006
1.000000
0.000000
0.000000
0.000650
-0.000000
0.000000
-0.000000
-0.000000
-0.000000
-0.000111
0.000000
302.000000
0.000006
1.000000
0.000000
0.000000
0.000597
-0.000000
0.000000
-0.000000
-0.000000
-0.000000
-0.000102
0.000000
302.000000
0.000006
1.000000
0.000000
0.000000
0.000548
-0.000000
0.000000
-0.000000
-0.000000
-0.000000
-0.000094
0.000000
302.000000
0.000006
1.000000
0.000000
0.000000
0.000503
-0.000000
0.000000
-0.000000
-0.000000
-0.000000
-0.000086
0.000000
302.000000
0.000006
1.000000
0.000000
0.000000
0.000462
-0.000000
0.000000
-0.000000
-0.000000
-0.000000
-0.000079
0.000000
302.000000
0.000006
1.000000
0.000000
0.000000
0.000424
-0.000000
0.000000
-0.000000
-0.000000
-0.000000
-0.000072
0.000000
302.000000
0.000006
1.000000
0.000000
0.000000
0.000389
-0.000000
0.000000
-0.000000
-0.000000
-0.000000
-0.000066
0.000000
302.000000
0.000006
1.000000
0.000000
0.000000
0.000357
-0.000000
0.000000
-0.000000
-0.000000
-0.000000
-0.000061
0.000000
302.000000
0.000006
1.000000
0.000000
0.000000
0.000328
-0.000000
0.000000
-0.000000
-0.000000
-0.000000
-0.000056
