1.000000
1.000000
1.013463
2.156436
1.000000
1.000000
1.000000
1.000000
1.000000
0.921561
1.000000
1.000000
1.000000
0.000000
-0.000000
0.071793
2.312537
0.000000
-0.000000
-0.000000
0.000000
-0.000000
-0.161408
0.000000
-0.000000
-0.000000
-0.000000
-0.000000
0.097262
2.312537
0.000000
-0.000000
-0.000000
-0.000000
-0.000000
-0.174235
0.000000
-0.000000
-0.000000
-0.000000
-0.000000
0.086208
2.312537
0.000000
-0.000000
-0.000000
-0.000000
-0.000000
-0.168691
0.000000
-0.000000
0.000000
-0.000000
-0.000000
0.090962
2.312537
-0.000000
-0.000000
-0.000000
-0.000000
-0.000000
-0.171075
-0.000000
-0.000000
-0.000000
-0.000000
-0.000000
0.088918
2.312537
0.000000
0.000000
-0.000000
-0.000000
-0.000000
-0.170050
0.000000
0.000000
-0.000000
0.000000
0.000000
0.089797
2.312537
-0.000000
0.000000
-0.000000
0.000000
0.000000
-0.170491
-0.000000
0.000000
0.000000
0.000000
0.000000
0.089419
2.312537
-0.000000
0.000000
0.000000
0.000000
0.000000
-0.170301
-0.000000
0.000000
-0.000000
0.000000
0.000000
0.089581
2.312537
-0.000000
0.000000
-0.000000
0.000000
0.000000
-0.170383
-0.000000
0.000000
-0.000000
0.000000
0.000000
0.089511
2.312537
0.000000
0.000000
-0.000000
0.000000
-0.000000
-0.170348
0.000000
-0.000000
-0.000000
0.000000
-0.000000
0.089542
2.312537
0.000000
-0.000000
-0.000000
-0.000000
-0.000000
-0.170363
0.000000
-0.000000
0.000000
0.000000
-0.000000
0.089529
2.312537
-0.000000
0.000000
-0.000000
0.000000
-0.000000
-0.170356
-0.000000
0.000000
-0.000000
0.000000
-0.000000
0.089534
2.312537
0.000000
-0.000000
-0.000000
0.000000
0.000000
-0.170359
0.000000
-0.000000
-0.000000
-0.000000
0.000000
0.089532
2.312537
-0.000000
-0.000000
-0.000000
-0.000000
-0.000000
-0.170358
-0.000000
-0.000000
-0.000000
-0.000000
-0.000000
0.089533
2.312537
0.000000
0.000000
-0.000000
-0.000000
-0.000000
-0.170358
0.000000
0.000000
-0.000000
0.000000
-0.000000
0.089532
2.312537
0.000000
0.000000
-0.000000
0.000000
-0.000000
-0.170358
0.000000
0.000000
-0.000000
0.000000
-0.000000
0.089533
2.312537
-0.000000
-0.000000
-0.000000
-0.000000
0.000000
-0.170358
-0.000000
-0.000000
-0.000000
-0.000000
0.000000
0.089533
2.312537
-0.000000
-0.000000
-0.000000
-0.000000
0.000000
-0.170358
-0.000000
0.000000
0.000000
-0.000000
0.000000
0.089533
2.312537
0.000000
-0.000000
-0.000000
-0.000000
-0.000000
-0.170358
0.000000
-0.000000
-0.000000
-0.000000
-0.000000
0.089533
2.312537
0.000000
-0.000000
-0.000000
-0.000000
-0.000000
-0.170358
0.000000
-0.000000
-0.000000
-0.000000
-0.000000
0.089533
2.312537
-0.000000
-0.000000
-0.000000
-0.000000
0.000000
-0.170358
-0.000000
-0.000000
0.000000
-0.000000
0.000000
0.089533
2.312537
-0.000000
-0.000000
-0.000000
-0.000000
0.000000
-0.170358
-0.000000
-0.000000
0.000000
-0.000000
0.000000
0.089533
2.312537
0.000000
-0.000000
-0.000000
-0.000000
-0.000000
-0.170358
0.000000
-0.000000
-0.000000
-0.000000
-0.000000
0.089533
2.312537
-0.000000
0.000000
-0.000000
0.000000
-0.000000
-0.170358
-0.000000
0.000000
-0.000000
0.000000
-0.000000
0.089533
2.312537
0.000000
0.000000
-0.000000
0.000000
-0.000000
-0.170358
0.000000
-0.000000
-0.000000
0.000000
-0.000000
0.089533
2.312537
0.000000
-0.000000
-0.000000
-0.000000
-0.000000
-0.170358
0.000000
-0.000000
0.000000
-0.000000
-0.000000
0.089533
2.312537
0.000000
-0.000000
-0.000000
-0.000000
-0.000000
-0.170358
-0.000000
-0.000000
0.000000
-0.000000
-0.000000
0.089533
2.312537
0.000000
-0.000000
-0.000000
-0.000000
-0.000000
-0.170358
0.000000
-0.000000
-0.000000
-0.000000
-0.000000
0.089533
2.312537
0.000000
0.000000
-0.000000
0.000000
-0.000000
-0.170358
0.000000
0.000000
-0.000000
0.000000
-0.000000
0.089533
2.312537
-0.000000
0.000000
-0.000000
0.000000
-0.000000
-0.170358
-0.000000
-0.000000
0.000000
