1
1
1
1
1
1
1
1
1
1
1
1
1
1
1
1
1
1
1
1
1
1
1
1
1
1
1
1
1
1
1
1
1
1
1
1
1
1
1
1
1
1
1
1
1
1
1
1
1
1
1
1
1
1
1
1
1
1
1
1
1
1
1
1
1
1
1
1
1
1
1
1
1
1
1
1
1
1
1
1
1
1
1
1
1
1
1
1
1
1
1
1
1
1
1
1
1
1
1
1
1
1
1
1
1
1
1
1
1
1
1
1
1
1
1
1
1
1
1
1
1
1
1
1
1
1
1
1
1
1
1
1
1
1
1
1
1
1
1
1
1
1
1
1
1
1
1
1
1
1
1
1
1
1
1
1
1
1
1
1
1
1
1
1
1
1
1
1
1
1
1
1
1
1
1
1
1
1
1
1
1
1
1
1
1
1
1
1
1
1
1
1
1
1
1
1
1
1
1
1
1
1
1
1
1
1
1
1
1
1
1
1
1
1
1
1
1
1
1
1
1
1
1
1
1
1
1
1
1
1
1
1
1
1
1
1
1
1
1
1
1
1
1
1
1
1
1
1
1
1
1
1
1
1
1
1
1
1
1
1
1
1
1
1
1
1
1
1
1
1
1
1
1
1
1
1
1
1
1
1
1
1
1
1
1
1
1
1
1
1
1
1
1
1
1
1
1
1
1
1
1
1
1
1
1
1
1
1
1
1
1
1
1
1
1
1
1
1
1
1
1
1
1
1
1
1
1
1
1
1
1
1
1
1
1
1
1
1
1
1
1
1
1
1
1
1
1
1
1
1
1
1
1
1
1
1
1
1
1
1
1
1
1
1
1
1
1
1
1
1
1
1
1
1
1
1
1
1
1
1
1
1
1
1
1
1
1
1
1
1
1
1
1
1
1
1
1
1
1
1
1
1
1
1
1
1
1
1
1
1
1
1
1
1
1
1
1
1
1
1
1
1
1
1
1
1
1
1
1
1
1
1
1
1
1
1
1
1
1
1
1
1
1
1
1
1
1
1
1
1
1
1
1
1
1
1
1
1
1
1
1
1
1
1
1
1
1
1
1
1
1
1
1
1
1
1
1
1
1
1
1
1
1
1
1
1
1
1
1
1
1
1
1
1
1
1
1
1
1
1
1
1
1
1
1
1
1
1
1
1
1
1
1
1
1
1
1
1
1
1
1
1
1
1
1
1
1
1
1
1
1
1
1
1
1
1
1
1
1
1
1
1
1
1
1
1
1
1
1
1
1
1
1
1
1
1
1
1
1
1
1
1
1
1
1
1
1
1
1
1
1
1
1
1
1
1
1
1
1
1
1
1
1
1
1
1
1
1
1
1
1
1
1
1
1
1
1
1
1
1
1
1
1
1
1
1
1
1
1
1
1
1
1
1
1
1
1
1
1
1
1
1
1
1
1
1
1
1
1
1
1
1
1
1
1
1
1
1
1
1
1
1
1
1
1
1
1
1
1
1
1
1
1
1
1
1
1
1
1
1
1
1
1
1
1
1
1
1
1
1
1
1
1
1
1
1
1
1
1
1
1
1
1
1
1
1
1
1
1
1
1
1
1
1
1
1
1
1
1
1
1
1
1
1
1
1
1
1
1
1
1
1
1
1
1
1
1
1
1
1
1
1
1
1
1
1
1
1
1
1
1
1
1
1
1
1
1
1
1
1
1
1
1
1
1
1
1
1
1
1
1
1
1
1
1
1
1
1
1
1
1
1
1
1
1
1
1
1
1
1
1
1
1
1
1
1
1
1
1
1
1
1
1
1
1
1
1
1
1
1
1
1
1
1
1
1
1
1
1
1
1
1
1
1
1
1
1
1
1
1
1
1
1
1
1
1
1
1
1
1
1
1
1
1
1
1
1
1
1
1
1
1
1
1
1
1
1
1
1
1
1
1
1
1
1
1
1
1
1
1
1
1
1
1
1
1
1
1
1
1
1
1
1
1
1
1
1
1
1
1
1
1
1
1
1
1
1
1
1
1
1
1
1
1
1
1
1
1
1
1
1
1
1
1
1
1
1
1
1
1
1
1
1
1
1
1
1
1
1
1
1
1
1
1
1
1
1
1
1
1
1
1
1
1
1
1
1
1
1
1
1
1
1
1
1
1
1
1
1
1
1
1
1
1
1
1
1
1
1
1
1
1
1
1
1
1
1
1
1
1
1
1
1
1
1
1
1
1
1
1
1
1
1
1
1
1
1
1
1
1
1
1
1
1
1
1
1
1
1
1
1
1
1
1
1
1
1
1
1
1
1
1
1
1
1
1
1
1
1
1
1
1
1
1
1
1
1
1
1
1
1
1
1
1
1
1
1
1
1
1
1
1
1
1
1
1
1
1
1
1
1
1
1
1
1
1
1
1
1
1
1
1
1
1
1
1
1
1
1
1
1
1
1
1
1
1
1
1
1
1
1
1
1
1
1
1
1
1
1
1
1
1
1
1
1
1
1
1
1
1
1
1
1
1
1
1
1
1
1
1
1
1
1
1
1
1
1
1
1
1
1
1
1
1
1
1
1
1
1
1
1
1
1
1
1
1
1
1
1
1
1
1
1
1
1
1
1
1
1
1
1
1
1
1
1
1
1
1
1
1
1
1
1
1
1
1
1
1
1
1
1
1
1
1
1
1
1
1
1
1
1
1
1
1
1
1
1
1
1
1
1
1
1
1
1
1
1
1
1
1
1
1
1
1
1
1
1
1
1
1
1
1
1
1
1
1
1
1
1
1
1
1
1
1
1
1
1
1
1
1
1
1
1
1
1
1
1
1
1
1
1
1
1
1
1
1
1
1
1
1
1
1
1
1
1
1
1
1
1
1
1
1
1
1
1
1
1
1
1
1
1
1
1
1
1
1
1
1
1
1
1
1
1
1
1
1
1
1
1
1
1
1
1
1
1
1
1
1
1
1
1
1
1
1
1
1
1
1
1
1
1
1
1
1
1
1
1
1
1
1
1
1
1
1
1
1
1
1
1
1
1
1
1
1
1
1
1
1
1
1
1
1
1
1
1
1
1
1
1
1
1
1
1
1
1
1
1
1
1
1
1
1
1
1
1
1
1
1
1
1
1
1
1
1
1
1
1
1
1
1
1
1
1
1
1
1
1
1
1
1
1
1
1
1
1
1
1
1
1
1
1
1
1
1
1
1
1
1
1
1
1
1
1
1
1
1
1
1
1
1
1
1
1
1
1
1
1
1
1
1
1
1
1
1
1
1
1
1
1
1
1
1
1
1
1
1
1
1
1
1
1
1
1
1
1
1
1
1
1
1
1
1
1
1
1
1
1
1
1
1
1
1
1
1
1
1
1
1
1
1
1
1
1
1
1
1
1
1
1
1
1
1
1
1
1
1
1
1
1
1
1
1
1
1
1
1
1
1
1
1
1
1
1
1
1
1
1
1
1
1
1
1
1
1
1
1
1
1
1
1
1
1
1
1
1
1
1
1
1
1
1
1
1
1
1
1
1
1
1
1
1
1
1
1
1
1
1
1
1
1
1
1
1
1
1
1
1
1
1
1
1
1
1
1
1
1
1
1
1
1
1
1
1
1
1
1
1
1
1
1
1
1
1
1
1
1
1
1
1
1
1
1
1
1
1
1
1
1
1
1
1
1
1
1
1
1
1
1
1
1
1
1
1
1
1
1
1
1
1
1
1
1
1
1
1
1
1
1
1
1
1
1
1
1
1
1
1
1
1
1
1
1
1
1
1
1
1
1
1
1
1
1
1
1
1
1
1
1
1
1
1
1
1
1
1
1
1
1
1
1
1
1
1
1
1
1
1
1
1
1
1
1
1
1
1
1
1
1
1
1
1
1
1
1
1
1
1
1
1
1
1
1
1
1
1
1
1
1
1
1
1
1
1
1
1
1
1
1
1
1
1
1
1
1
1
1
1
1
1
1
1
1
1
1
1
1
1
1
1
1
1
1
1
1
1
1
1
1
1
1
1
1
1
1
1
1
1
1
1
1
1
1
1
1
1
1
1
1
1
1
1
1
1
1
1
1
1
1
1
1
1
1
1
1
1
1
1
1
1
1
1
1
1
1
1
1
1
1
1
1
1
1
1
1
1
1
1
1
1
1
1
1
1
1
1
1
1
1
1
1
1
1
1
1
1
1
1
1
1
1
1
1
1
1
1
1
1
1
1
1
1
1
1
1
1
1
1
1
1
1
1
1
1
1
1
1
1
1
1
1
1
1
1
1
1
1
1
1
1
1
1
1
1
1
1
1
1
1
1
1
1
1
1
1
1
1
1
1
1
1
1
1
1
1
1
1
1
1
1
1
1
1
1
1
1
1
1
1
1
1
1
1
1
1
1
1
1
1
1
1
16
-3.033865
13.418673
4.939471
-6.442228
0.914957
0.266019
-2.297414
1.443501
0.111057
0.431002
8.638198
-5.932676
5.296946
-8.319292
13.964112
6.777727
-9.069555
0.795149
1.137551
-2.280130
1.237561
0.069097
0.199128
9.313902
-5.866689
5.251166
-9.389799
10.674327
12.261112
-11.045368
1.010780
2.234806
-2.306103
0.870491
1.506400
-0.024097
8.437318
-5.809992
5.253808
-15.161600
24.618556
-18.616959
6.866344
-1.525891
3.680181
-2.361107
-0.696300
-6.345571
0.173700
7.040409
-4.829784
5.312526
-0.522262
-8.075638
39.283764
-4.981939
0.532679
4.336059
-2.841236
-1.551767
9.035083
-0.073388
4.676010
-4.867126
5.302202
3.243670
19.020599
-22.179391
0.425390
-0.340058
4.236562
-3.544007
1.514633
-7.622708
-0.742862
2.290505
-5.484056
5.121233
-0.978036
9.486265
-5.715720
15.528551
-4.509675
2.288046
-2.725005
-1.419249
-1.425288
1.571151
0.679763
-5.379839
5.061380
0.644837
5.860015
21.480700
5.183732
-0.829066
2.178086
-2.149376
-0.315758
4.057924
-0.947572
-1.576416
-5.578905
5.123554
2.799451
10.144873
-15.599182
2.126607
-0.768106
2.267462
-2.259761
2.176049
-3.691520
-0.707153
-2.903368
-5.900861
5.105847
0.894199
9.935207
1.046914
5.612041
-1.800330
0.589666
-2.351593
0.141928
0.645912
0.072477
-3.413265
-5.833914
5.139448
-2.528581
13.655024
13.930960
-3.380556
0.638619
1.634800
-2.120558
-0.550531
3.301258
-0.738323
-3.899836
-5.513817
5.164177
1.101646
5.566046
-28.858130
3.175186
-1.168517
1.908549
-2.335733
1.350110
-6.374106
0.515725
-3.371598
-5.696879
5.119353
1.032514
13.862217
24.506605
-1.583658
-0.720964
2.458819
-2.840306
-0.801131
6.772438
-0.398401
-3.158862
-5.597923
5.070497
1.298245
6.312297
-15.868556
-5.206756
1.030778
2.388760
-2.636400
0.828249
-3.936996
0.283789
-2.783178
-5.488323
5.085554
1.600051
8.711302
-5.570277
3.884173
-1.372153
1.670527
-2.265588
0.145369
-0.189328
0.704561
-1.956547
-5.725245
5.139810
1.585562
14.973876
17.756405
-6.022530
1.501552
1.688683
-2.079856
0.502359
4.496077
-0.662721
-1.811354
-5.691269
5.144691
2.998627
4.255018
-21.449925
-2.722852
0.923429
1.872674
-2.489192
-0.326527
-4.882103
0.620611
-1.184205
-5.775684
5.130900
3.227150
11.190955
10.917469
0.271183
-0.210484
1.963396
-2.502506
1.136189
3.410609
-0.119707
-0.466748
-5.838794
5.149001
2.245713
9.012240
-0.271985
-5.332758
1.732717
1.262501
-2.222237
0.220302
-0.180777
-0.105341
0.281662
-5.795919
5.192573
1.950133
8.697132
-9.960119
0.054652
0.099739
1.418908
-2.193657
0.046883
-1.884290
0.679479
1.771920
-5.858378
5.217314
2.790852
9.995455
16.072518
-4.064994
1.036736
1.459999
-2.256625
1.223196
3.625468
-0.428012
3.165277
-6.018184
5.209652
1.272945
12.354810
-8.286518
-3.829707
1.290900
0.871474
-2.433190
0.428868
-2.607614
0.751231
4.775175
-5.902060
5.203289
0.133186
10.019685
9.544176
-1.878866
0.292135
1.209016
-2.312675
1.213289
1.778597
-0.075204
5.859075
-5.856754
5.212299
-0.401328
8.552214
11.923337
-7.823474
1.481635
1.431932
-2.214485
0.536606
1.761621
-0.197833
5.828618
-5.848158
5.227844
-5.147820
24.026375
-21.715091
7.136662
-1.555902
2.132997
-2.277054
-0.197296
-6.679905
0.634371
5.643582
-5.153524
5.217312
1.606876
-5.154667
36.954884
-0.943303
0.232814
3.121324
-2.855965
-0.700578
8.793584
-0.207898
4.056968
-5.310572
5.139324
3.180550
17.015892
-22.773822
1.573919
-0.013471
3.432194
-3.299106
1.153586
-7.379539
-0.227781
1.958197
-5.522069
5.041690
-0.132488
7.086008
-1.200124
13.360844
-3.721034
2.401066
-2.600396
-1.067842
-0.094256
1.008405
0.007024
-5.356473
5.090178
0.754784
7.729034
17.685136
4.091038
-0.362828
1.798846
-2.154695
-0.184450
3.239574
-1.133111
-3.232367
-5.702309
4.548199
2.180382
9.975353
-19.133234
4.992819
-1.048809
1.900175
-2.344803
2.609852
-3.916757
-0.617855
-4.229175
-5.416737
3.539698
-1.107856
5.617023
8.938561
2.377659
-1.136341
1.602402
-2.227635
-1.426543
2.173750
-0.391637
-3.287278
-4.481176
2.795918
-1.993186
10.107383
3.286528
-3.878845
0.562326
2.920610
-1.481247
0.489611
0.678660
-0.158067
-2.843014
-3.472397
2.233561
0.974079
2.803390
-14.134867
0.711402
-0.581802
1.930500
-1.283780
0.064289
-2.467948
0.573147
-2.285136
-2.849679
1.766893
1.601399
6.725000
6.382219
0.224957
-0.693051
1.797780
-1.120096
0.044582
2.124713
-0.090815
-1.807477
-2.331784
1.396159
1.814309
3.482896
-3.140025
-1.864950
0.676803
1.404978
-0.839037
0.037942
-0.894396
0.060429
-1.470495
-1.854480
1.111409
1.979050
2.751364
-1.942850
-0.657115
0.027172
1.107423
-0.655621
0.013154
0.153661
0.147075
-1.175577
-1.486375
0.887550
2.129012
2.604293
-0.591551
-0.698937
0.154315
0.889711
-0.530189
0.042350
0.059142
0.053354
-0.940031
-1.188650
0.709036
2.201057
1.866222
-1.088616
-0.663949
0.244889
0.686347
-0.434834
0.007432
-0.046323
0.059638
-0.751619
-0.950685
0.566466
2.238459
1.498446
-0.819623
-0.545347
0.184665
0.547871
-0.359225
0.016788
0.012536
0.048260
-0.601521
-0.760013
0.452569
2.261164
1.197239
-0.661071
-0.480320
0.169695
0.431818
-0.299324
0.010723
-0.003732
0.039438
-0.481174
-0.607706
0.361578
2.275243
0.942503
-0.561193
-0.421715
0.148746
0.340456
-0.252076
0.008351
-0.002721
0.033312
-0.384918
-0.485922
0.288883
2.284441
0.748659
-0.457075
-0.372663
0.125694
0.269325
-0.214588
0.006776
-0.001825
0.028432
-0.307918
-0.388545
0.230806
2.290843
0.594372
-0.373574
-0.331405
0.105956
0.212986
-0.184817
0.005247
-0.001976
0.024558
-0.246307
-0.310692
0.184406
2.295493
0.472044
-0.304528
-0.295940
0.088372
0.168580
-0.161151
0.004136
-0.001682
0.021409
-0.197018
-0.248443
0.147335
2.299008
0.375259
-0.247283
-0.265213
0.073182
0.133541
-0.142317
0.003262
-0.001440
0.018796
-0.157589
-0.198669
0.117717
2.301729
0.298464
-0.200446
-0.238375
0.060299
0.105853
-0.127318
0.002572
-0.001225
0.016594
-0.126047
-0.158870
0.094053
2.303856
0.237506
-0.162186
-0.214779
0.049466
0.083963
-0.115365
0.002032
-0.001025
0.014717
-0.100817
-0.127045
0.075148
2.305536
0.189087
-0.131030
-0.193931
0.040439
0.066642
-0.105835
0.001607
-0.000853
0.013102
-0.080635
-0.101597
0.060043
2.306882
0.150601
-0.105730
-0.175432
0.032963
0.052925
-0.098233
0.001272
-0.000705
0.011703
-0.064493
-0.081246
0.047974
2.307981
0.119992
-0.085224
-0.158960
0.026805
0.042054
-0.092168
0.001007
-0.000580
0.010483
-0.051582
-0.064973
0.038332
2.308875
0.095637
-0.068634
-0.144246
0.021753
0.033434
-0.087327
0.000799
-0.000475
0.009414
-0.041255
-0.051959
0.030629
2.309606
0.076248
-0.055230
-0.131066
0.017623
0.026593
-0.083462
0.000634
-0.000388
0.008473
-0.032995
-0.041552
0.024474
2.310205
0.060807
-0.044414
-0.119231
0.014256
0.021161
-0.080377
0.000503
-0.000316
0.007642
-0.026389
-0.033230
0.019556
2.310696
0.048505
-0.035695
-0.108580
0.011518
0.016845
-0.077913
0.000400
-0.000256
0.006905
-0.021105
-0.026575
0.015627
2.311092
0.038700
-0.028674
-0.098975
0.009296
0.013415
-0.075946
0.000318
-0.000208
0.006249
-0.016879
-0.021252
0.012488
2.311429
0.030884
-0.023023
-0.090298
0.007495
0.010687
-0.074374
0.000253
-0.000168
0.005664
-0.013499
-0.016996
0.009980
2.311706
0.024651
-0.018478
-0.082446
0.006038
0.008516
-0.073119
0.000201
-0.000136
0.005142
-0.010796
-0.013592
0.007976
2.311908
0.019679
-0.014826
-0.075329
0.004860
0.006788
-0.072116
0.000160
-0.000110
0.004673
-0.008634
-0.010870
0.006375
2.312099
0.015712
-0.011891
-0.068870
0.003910
0.005412
-0.071315
0.000127
-0.000089
0.004252
0.627535
-0.623112
0.373986
2.312148
5.899247
6.324535
-0.074565
0.627671
-0.551234
0.080536
0.731781
0.818980
0.002934
1.596552
-1.649449
0.974321
2.219044
5.014112
4.407808
0.006399
0.684560
-0.693393
-0.242230
0.309785
0.210929
0.016168
2.186265
-2.474675
1.448497
2.252502
5.686119
4.522685
0.213827
0.008992
-0.185095
-0.456390
0.444572
0.343115
-0.012276
2.438252
-3.123155
1.820977
2.284729
6.506242
4.573259
0.429980
-0.405640
0.160042
-0.652717
0.422212
0.236353
-0.017386
2.425017
-3.639152
2.114972
2.289811
6.908242
4.274500
0.622286
-0.660835
0.391708
-0.820802
0.400399
0.183242
-0.037431
2.216030
-4.054072
2.348412
2.278636
7.347786
3.868862
0.758423
-0.819687
0.562411
-0.949179
0.410922
0.137226
-0.047354
1.881464
-4.390531
2.534299
2.235583
7.683128
3.500726
0.815912
-0.891622
0.674636
-1.051269
0.408566
0.121629
-0.058789
1.485780
-4.665767
2.682188
2.161047
8.012806
3.092482
0.773112
-0.897809
0.758324
-1.131174
0.419950
0.109063
-0.060824
1.086199
-4.890591
2.799446
2.060864
8.286870
2.764606
0.646108
-0.863398
0.830251
-1.193913
0.422308
0.116984
-0.058021
0.728049
-5.072601
2.892005
1.953096
8.525537
2.483041
0.444124
-0.802449
0.906052
-1.243584
0.423988
0.126940
-0.047156
0.442089
-5.218153
2.964793
1.861217
8.722132
2.259705
0.206832
-0.730690
0.987056
-1.283191
0.421421
0.139344
-0.030597
0.242514
-5.333371
3.021923
1.807506
8.878552
2.093301
-0.035370
-0.655341
1.069751
-1.314994
0.416991
0.151007
-0.011730
0.126159
-5.424274
3.066771
1.804545
9.010446
1.939107
-0.242563
-0.583086
1.146387
-1.340529
0.415472
0.154492
0.007412
0.074807
-5.496182
3.102022
1.848538
9.121199
1.789597
-0.379681
-0.519913
1.210340
-1.360959
0.416394
0.151531
0.022854
0.058243
-5.553336
3.129768
1.923255
9.220629
1.601153
-0.422514
-0.470318
1.259385
-1.377179
0.421478
0.136719
0.033067
0.038920
-5.598892
3.151623
2.006755
9.312114
1.345757
-0.356308
-0.438982
1.294243
-1.389987
0.429260
0.110061
0.036604
-0.022660
-5.635361
3.168846
2.079078
9.398911
1.004886
-0.188030
-0.426333
1.317872
-1.400114
0.438662
0.073092
0.032720
-0.162779
-5.665232
3.182400
2.126890
9.491587
0.552553
0.062546
-0.429727
1.332230
-1.408214
0.450810
0.026148
0.022361
-0.409383
-5.691381
3.192949
2.141916
9.605586
-0.007148
0.362785
-0.443150
1.337347
-1.414851
0.467550
-0.024779
0.006374
-0.778447
-5.716896
3.200811
2.116963
9.764637
-0.672156
0.671626
-0.457612
1.332674
-1.420478
0.492683
-0.076152
-0.012994
-1.271461
-5.744114
3.205937
2.041146
9.989777
-1.426069
0.948870
-0.463890
1.319909
-1.425451
0.528388
-0.122887
-0.032922
-1.873834
-5.773274
3.207979
1.898393
10.287624
-2.237035
1.157325
-0.452465
1.306585
-1.430076
0.573090
-0.159964
-0.050111
-2.554464
-5.801836
3.206477
1.673173
10.639813
-3.072936
1.273787
-0.415751
1.306546
-1.434585
0.620601
-0.186144
-0.060548
-3.266965
-5.825540
3.201161
1.363326
11.005287
-3.879637
1.288732
-0.348846
1.335791
-1.439154
0.661355
-0.199366
-0.061824
-3.954323
-5.840405
3.192259
0.997348
11.328533
-4.606965
1.198940
-0.249357
1.405299
-1.443849
0.686251
-0.201371
-0.053386
-4.555896
-5.844133
3.180727
0.642587
11.550467
-5.209460
1.001051
-0.117976
1.515061
-1.448595
0.688740
-0.194723
-0.036972
-5.014488
-5.836352
3.168267
0.390307
11.628714
-5.630993
0.681358
0.043987
1.652765
-1.453165
0.666633
-0.177891
-0.016150
-5.282729
-5.817973
3.157108
0.323979
11.537373
-5.840602
0.235312
0.232951
1.796943
-1.457139
0.621797
-0.152185
0.006444
-5.327711
-5.790950
3.149556
0.481300
11.285177
-5.805879
-0.315865
0.441081
1.921824
-1.459983
0.560840
-0.114749
0.028568
-5.134373
-5.758126
3.147436
0.834592
10.910132
-5.513543
-0.923770
0.656465
2.002311
-1.461142
0.494306
-0.064722
0.049347
-4.707150
-5.723332
3.151588
1.300337
10.460331
-4.997677
-1.509352
0.860546
2.019050
-1.460217
0.433555
-0.009182
0.069571
-4.068688
-5.692266
3.161568
1.764625
10.027046
-4.268923
-2.007443
1.033872
1.961206
-1.457103
0.393846
0.052117
0.088989
-3.257147
-5.672092
3.175688
2.125887
9.679381
-3.412683
-2.365787
1.157378
1.829936
-1.452153
0.383330
0.102958
0.109295
-2.320354
-5.670318
3.191402
2.320352
9.496827
-2.493932
-2.550847
1.214727
1.642074
-1.446177
0.407078
0.135044
0.130396
-1.310006
-5.690970
3.205933
2.325572
9.528814
-1.557040
-2.563041
1.202391
1.430125
-1.440253
0.460298
0.144513
0.149086
-0.280581
-5.728884
3.216955
2.142811
9.737529
-0.688690
-2.407465
1.127209
1.241708
-1.435610
0.521835
0.124390
0.160825
0.709705
-5.770447
3.223121
1.786589
10.055305
0.105566
-2.124853
1.009178
1.125335
-1.433014
0.573931
0.091214
0.156330
1.601366
-5.802400
3.224250
1.299726
10.388539
0.773784
-1.778715
0.873557
1.106231
-1.432849
0.601266
0.050707
0.133533
2.345021
-5.819109
3.221213
0.777049
10.673393
1.313333
-1.403468
0.733671
1.177794
-1.434888
0.604294
0.013578
0.097264
2.910817
-5.821740
3.215559
0.350757
10.861881
1.777504
-1.009117
0.593376
1.307981
-1.438423
0.590292
-0.007891
0.054341
3.289001
-5.814553
3.209037
0.127095
10.938751
2.127297
-0.575350
0.446237
1.458035
-1.442588
0.564032
-0.025056
0.014607
3.489367
-5.802039
3.203158
0.149680
10.909064
2.419686
-0.114855
0.288518
1.594254
-1.446354
0.535728
-0.029081
-0.019639
3.537454
-5.788354
3.198879
0.385960
10.801398
2.654725
0.312273
0.127896
1.692434
-1.449077
0.510264
-0.025780
-0.046015
3.470194
-5.776916
3.196510
0.750879
10.658923
2.819365
0.655547
-0.027083
1.742584
-1.450388
0.491821
-0.020635
-0.063248
3.332118
-5.769500
3.195808
1.155222
10.494684
3.007781
0.852043
-0.160542
1.746989
-1.450354
0.481411
0.002448
-0.074488
3.168486
-5.767111
3.196212
1.522181
10.354023
3.165138
0.892646
-0.262819
1.717458
-1.449359
0.478521
0.024990
-0.076919
3.021760
-5.769259
3.197066
1.811773
10.235307
3.367108
0.800224
-0.333323
1.669648
-1.447870
0.479861
0.060439
-0.073161
2.926548
-5.774638
3.197795
2.014989
10.142219
3.633862
0.596511
-0.371103
1.618840
-1.446436
0.482865
0.104732
-0.064222
2.904829
-5.782233
3.197982
2.139881
10.101145
3.899831
0.353279
-0.389351
1.574408
-1.445380
0.489658
0.140724
-0.048660
2.965352
-5.790447
3.197359
2.207350
10.074648
4.257256
0.107488
-0.397458
1.541612
-1.444864
0.494348
0.187037
-0.033087
3.100088
-5.798248
3.195797
2.234455
10.090577
4.590859
-0.095557
-0.405103
1.522549
-1.444911
0.502383
0.216566
-0.016147
3.286227
-5.804208
3.193319
2.235179
10.125930
4.897486
-0.204184
-0.427327
1.516117
-1.445345
0.509445
0.235908
-0.002008
3.488846
-5.806392
3.190145
2.221640
10.138113
5.183722
-0.224610
-0.465543
1.524536
-1.445988
0.509356
0.249727
0.005166
3.663013
-5.803751
3.186771
2.202419
10.160703
5.283257
-0.120995
-0.528307
1.545146
-1.446685
0.508584
0.230266
0.009483
3.762569
-5.794684
3.183969
2.193068
10.101810
5.300894
0.086019
-0.614434
1.574895
-1.447177
0.491893
0.211328
0.004363
3.743066
-5.779414
3.182708
2.205411
9.999800
5.103228
0.371743
-0.715134
1.607431
-1.447392
0.470210
0.167016
-0.004836
3.568803
-5.759418
3.183923
2.244227
9.863590
4.667076
0.748093
-0.830591
1.627578
-1.447078
0.446447
0.103742
-0.017194
3.218933
-5.736810
3.188208
2.303862
9.643831
4.135469
1.131907
-0.939815
1.625354
-1.446188
0.415606
0.053486
-0.037491
2.685610
-5.717494
3.195512
2.358076
9.510656
3.300430
1.526772
-1.034610
1.585806
-1.444572
0.411243
-0.027871
-0.055528
1.979413
-5.707964
3.204937
2.372111
9.418387
2.421552
1.887070
-1.103484
1.500029
-1.442371
0.418862
-0.078819
-0.079960
1.123740
-5.715136
3.214815
2.308570
9.491186
1.453224
2.138808
-1.123330
1.377091
-1.440009
0.459815
-0.118493
-0.106022
0.151676
-5.742602
3.223014
2.129741
9.783837
0.374328
2.296763
-1.099230
1.233412
-1.437760
0.532021
-0.147208
-0.126559
-0.888860
-5.783657
3.227456
1.789613
10.218324
-0.583706
2.312810
-1.026157
1.110407
-1.436768
0.604853
-0.129337
-0.143194
-1.937423
-5.824315
3.226718
1.264524
10.754005
-1.579022
2.221216
-0.915368
1.056061
-1.437117
0.675191
-0.116856
-0.138560
-2.921851
-5.852807
3.220419
0.575115
11.269124
-2.424172
2.081861
-0.788018
1.094395
-1.439342
0.713616
-0.085557
-0.116999
-3.773509
-5.864320
3.209412
-0.167342
11.689928
-3.110434
1.867389
-0.642462
1.225710
-1.443327
0.722075
-0.053166
-0.083068
-4.439088
-5.859472
3.195634
-0.767908
11.913488
-3.777947
1.581035
-0.487483
1.419230
-1.448366
0.705130
-0.053251
-0.039209
-4.879925
-5.842931
3.181651
-1.081526
11.973373
-4.107606
1.103870
-0.305258
1.635146
-1.453870
0.659452
-0.018476
-0.004350
-5.080757
-5.816885
3.170093
-1.001789
11.787485
-4.421691
0.465581
-0.094748
1.834296
-1.458600
0.601968
-0.024482
0.031706
-5.043130
-5.786423
3.162996
-0.565194
11.456300
-4.500948
-0.232106
0.126219
1.981279
-1.461719
0.536879
-0.010779
0.058730
-4.786840
-5.756805
3.161367
0.080645
11.110161
-4.217006
-0.992385
0.366519
2.053728
-1.462429
0.482603
0.043101
0.074930
-4.352767
-5.728544
3.165030
0.823245
10.554742
-4.203187
-1.505758
0.568709
2.046770
-1.460846
0.427635
0.003385
0.100817
-3.782519
-5.710397
3.172820
1.468102
10.263698
-3.567092
-1.877240
0.733478
1.966391
-1.456849
0.417515
0.082864
0.105172
-3.132769
-5.703138
3.182954
1.950012
9.908193
-3.200175
-2.065963
0.858098
1.828696
-1.451530
0.405250
0.062623
0.117631
-2.458231
-5.705377
3.193605
2.244435
9.622304
-2.920210
-1.915558
0.887288
1.677852
-1.446065
0.405482
0.027741
0.130223
-1.801425
-5.718887
3.203332
2.357574
9.622020
-2.178221
-1.743970
0.888351
1.530194
-1.440479
0.444533
0.076457
0.114589
-1.212668
-5.735063
3.211233
2.336189
9.459230
-2.152387
-1.403964
0.841733
1.415277
-1.437050
0.427579
-0.027261
0.118672
-0.718564
-5.749839
3.217122
2.243283
9.493823
-1.727418
-0.971172
0.751124
1.357452
-1.434328
0.449932
-0.017184
0.093908
-0.336081
-5.761409
3.221235
2.128364
9.512206
-1.460066
-0.639433
0.681172
1.329533
-1.433370
0.447444
-0.044676
0.066028
-0.071055
-5.768134
3.223996
2.029780
9.486408
-1.510958
-0.247778
0.586836
1.339344
-1.433609
0.429661
-0.107762
0.049031
0.097523
-5.771811
3.225884
1.988248
9.547971
-1.113772
0.013745
0.507991
1.361183
-1.434072
0.443456
-0.066333
0.011672
0.192887
-5.773876
3.227237
1.989472
9.547008
-1.118735
0.168184
0.449498
1.379779
-1.435072
0.429535
-0.109461
-0.001067
0.253924
-5.775315
3.228246
2.027417
9.582207
-0.866417
0.257312
0.388238
1.398940
-1.435709
0.437588
-0.080742
-0.016604
0.323636
-5.776817
3.228993
2.081485
9.627709
-0.485621
0.159565
0.364704
1.405492
-1.436331
0.446709
-0.040977
-0.026471
0.438748
-5.779097
3.229479
2.123479
9.664925
-0.254636
0.010885
0.347593
1.408149
-1.436906
0.450032
-0.035785
-0.016705
0.637134
-5.782872
3.229623
2.149555
9.745302
0.385509
-0.231629
0.345023
1.405308
-1.437415
0.469803
0.044079
-0.013987
0.939932
-5.789744
3.229216
2.141807
9.853566
0.904207
-0.526370
0.358508
1.394915
-1.438316
0.486641
0.070877
0.004622
1.357233
-5.800794
3.227876
2.093991
10.024468
1.583887
-0.773235
0.356946
1.381374
-1.439484
0.516947
0.120681
0.022630
1.884655
-5.815997
3.225026
1.996542
10.251662
2.428896
-1.015885
0.355531
1.366333
-1.440991
0.555457
0.177953
0.035584
2.074959
-5.767182
2.855038
1.721255
9.391133
-0.725802
0.755348
-0.059910
1.501940
-1.588378
0.365673
-0.439079
0.121738
1.689144
-5.143282
2.265516
2.021047
4.874536
4.039675
0.448179
-0.065437
2.107268
-1.277497
-0.178231
0.694621
-0.171031
1.262124
-4.150114
1.808231
2.203680
6.753262
-2.427431
0.421297
-0.050602
2.149196
-1.037800
0.226805
-0.830471
0.082015
1.050768
-3.307885
1.444035
2.298878
4.394145
3.229368
0.648050
-0.263345
1.636218
-0.863622
-0.033223
0.643369
-0.104194
0.838029
-2.648832
1.152761
2.292377
3.927882
-0.045168
0.109466
0.024884
1.327045
-0.687596
0.061269
-0.328355
-0.008772
0.667377
-2.119771
0.920588
2.301687
3.059402
0.670188
0.382803
-0.184321
1.046578
-0.554098
0.016733
0.102757
-0.018425
0.534104
-1.695141
0.735424
2.305134
2.421693
0.643707
0.261539
-0.116652
0.839573
-0.452586
0.020578
-0.011616
-0.024428
0.427350
-1.355639
0.587538
2.307694
1.959926
0.413409
0.233166
-0.099498
0.671921
-0.372532
0.016823
-0.003502
-0.016969
0.341857
-1.084124
0.469399
2.308799
1.560057
0.381052
0.211020
-0.095718
0.535695
-0.309632
0.012317
0.004398
-0.015003
0.273397
-0.867014
0.375020
2.309241
1.247013
0.311212
0.187388
-0.079950
0.428107
-0.259995
0.010228
0.000562
-0.013000
0.218703
-0.693368
0.299620
2.309600
0.997161
0.252714
0.168768
-0.067896
0.341920
-0.220720
0.008082
0.001220
-0.011358
0.174935
-0.554504
0.239382
2.309923
0.796736
0.207398
0.152520
-0.057210
0.273043
-0.189596
0.006431
0.001103
-0.010053
0.139924
-0.443452
0.191256
2.310246
0.636757
0.168774
0.138264
-0.047662
0.218068
-0.164890
0.005136
0.000899
-0.008965
0.111919
-0.354641
0.152807
2.310569
0.508890
0.137136
0.125658
-0.039532
0.174159
-0.145254
0.004094
0.000785
-0.008042
0.089517
-0.283617
0.122089
2.310881
0.406695
0.111257
0.114408
-0.032631
0.139095
-0.129632
0.003266
0.000661
-0.007246
0.071599
-0.226817
0.097546
2.311163
0.325032
0.090098
0.104314
-0.026826
0.111097
-0.117193
0.002606
0.000553
-0.006550
0.057266
-0.181393
0.077938
2.311429
0.259773
0.072868
0.095217
-0.021984
0.088739
-0.107282
0.002080
0.000460
-0.005936
0.045802
-0.145066
0.062272
2.311648
0.207622
0.058864
0.086993
-0.017965
0.070884
-0.099381
0.001660
0.000381
-0.005391
0.036632
-0.116014
0.049755
2.311857
0.165946
0.047502
0.079541
-0.014646
0.056626
-0.093080
0.001325
0.000314
-0.004903
0.029298
-0.092780
0.039755
2.312037
0.132640
0.038299
0.072773
-0.011916
0.045238
-0.088052
0.001058
0.000258
-0.004466
0.023433
-0.074200
0.031766
2.312195
0.106022
0.030854
0.066618
-0.009677
0.036143
-0.084039
0.000845
0.000211
-0.004072
0.018741
-0.059340
0.025382
2.312329
0.084748
0.024839
0.061013
-0.007847
0.028878
-0.080837
0.000675
0.000172
-0.003716
0.014989
-0.047456
0.020282
2.312442
0.067745
0.019984
0.055903
-0.006354
0.023075
-0.078280
0.000539
0.000140
-0.003394
0.011988
-0.037953
0.016207
2.312540
0.054155
0.016069
0.051239
-0.005139
0.018439
-0.076238
0.000430
0.000114
-0.003103
0.009587
-0.030352
0.012951
2.312614
0.043293
0.012915
0.046980
-0.004152
0.014735
-0.074607
0.000344
0.000093
-0.002838
0.007668
-0.024274
0.010350
2.312685
0.034610
0.010375
0.043087
-0.003351
0.011776
-0.073305
0.000275
0.000075
-0.002597
0.006132
-0.019413
0.008272
2.312745
0.027670
0.008331
0.039526
-0.002702
0.009411
-0.072265
0.000220
0.000061
-0.002378
0.004904
-0.015525
0.006611
2.312796
0.022121
0.006688
0.036268
-0.002177
0.007522
-0.071434
0.000175
0.000049
-0.002178
0.003922
-0.012416
0.005285
2.312840
0.017686
0.005367
0.033286
-0.001753
0.006012
-0.070770
0.000140
0.000040
-0.001996
0.003137
-0.009929
0.004225
2.312877
0.014140
0.004305
0.030554
-0.001411
0.004806
-0.070240
0.000112
0.000032
-0.001829
0.002509
-0.007941
0.003378
2.312908
0.011306
0.003453
0.028050
-0.001135
0.003842
-0.069816
0.000090
0.000026
-0.001677
0.002006
-0.006351
0.002701
2.312934
0.009040
0.002769
0.025756
-0.000912
0.003071
-0.069478
0.000072
0.000021
-0.001538
0.001605
-0.005079
0.002161
2.312945
0.007228
0.002219
0.023652
-0.000733
0.002455
-0.069208
0.000057
0.000017
-0.001411
0.001283
-0.004062
0.001729
2.312963
0.005779
0.001779
0.021722
-0.000589
0.001963
-0.068992
0.000046
0.000013
-0.001295
0.001026
-0.003248
0.001384
2.312978
0.004621
0.001425
0.019952
-0.000473
0.001569
-0.068819
0.000037
0.000011
-0.001189
0.000821
-0.002598
0.001108
2.312989
0.003695
0.001142
0.018328
-0.000379
0.001254
-0.068681
0.000029
0.000009
-0.001091
0.000656
-0.002078
0.000888
2.313000
0.002955
0.000915
0.016837
-0.000304
0.001003
-0.068571
0.000023
0.000007
-0.001002
0.000525
-0.001662
0.000712
2.313009
0.002363
0.000733
0.015469
-0.000244
0.000802
-0.068483
0.000019
0.000006
-0.000920
0.000420
-0.001329
0.000571
2.313017
0.001889
0.000587
0.014213
-0.000196
0.000641
-0.068413
0.000015
0.000005
-0.000845
0.000336
-0.001063
0.000459
2.313023
0.001511
0.000470
0.013059
-0.000157
0.000513
-0.068357
0.000012
0.000004
-0.000776
0.000269
-0.000850
0.000369
2.313029
0.001208
0.000376
0.012000
-0.000126
0.000410
-0.068312
0.000010
0.000003
-0.000713
0.000215
-0.000680
0.000297
2.313034
0.000966
0.000301
0.011027
-0.000101
0.000328
-0.068276
0.000008
0.000002
-0.000655
0.000172
-0.000544
0.000240
2.313038
0.000772
0.000241
0.010134
-0.000081
0.000262
-0.068247
0.000006
0.000002
-0.000601
0.000137
-0.000435
0.000194
2.313042
0.000618
0.000193
0.009313
-0.000065
0.000210
-0.068224
0.000005
0.000001
-0.000552
0.000110
-0.000348
0.000158
2.313046
0.000494
0.000154
0.008559
-0.000052
0.000168
-0.068206
0.000004
0.000001
-0.000508
0.000088
-0.000278
0.000128
2.313049
0.000395
0.000124
0.007866
-0.000042
0.000134
-0.068191
0.000003
0.000001
-0.000466
0.000070
-0.000222
0.000105
2.313053
0.000316
0.000099
0.007230
-0.000033
0.000107
-0.068180
0.000002
0.000001
-0.000429
0.000056
-0.000178
0.000086
2.313056
0.000253
0.000079
0.006645
-0.000027
0.000086
-0.068170
0.000002
0.000001
-0.000394
0.000045
-0.000142
0.000071
2.313059
0.000202
0.000063
0.006108
-0.000021
0.000068
-0.068163
0.000002
0.000000
-0.000362
0.000036
-0.000114
0.000059
2.313062
0.000162
0.000051
0.005614
-0.000017
0.000055
-0.068157
0.000001
0.000000
-0.000333
0.000029
-0.000091
0.000050
2.313065
0.000129
0.000041
0.005160
-0.000014
0.000044
-0.068152
0.000001
0.000000
-0.000306
0.000023
-0.000073
0.000042
2.313067
0.000103
0.000032
0.004743
-0.000011
0.000035
-0.068148
0.000001
0.000000
-0.000281
0.000018
-0.000058
0.000036
2.313068
0.000083
0.000026
0.004359
-0.000009
0.000028
-0.068145
0.000001
0.000000
-0.000258
0.000015
-0.000047
0.000031
2.313071
0.000066
0.000021
0.004007
-0.000007
0.000022
-0.068143
0.000001
0.000000
-0.000237
0.000012
-0.000037
0.000028
2.313072
0.000053
0.000017
0.003683
-0.000006
0.000018
-0.068141
0.000000
0.000000
-0.000218
0.000009
-0.000030
0.000024
2.313068
0.000042
0.000013
0.003386
-0.000004
0.000014
-0.068139
0.000000
0.000000
-0.000201
0.000008
-0.000024
0.000022
2.313074
0.000034
0.000011
0.003112
-0.000004
0.000011
-0.068138
0.000000
0.000000
-0.000184
0.000006
-0.000019
0.000020
2.313077
0.000027
0.000009
0.002861
-0.000003
0.000009
-0.068137
0.000000
0.000000
-0.000169
0.000005
-0.000015
0.000018
2.313080
0.000022
0.000007
0.002630
-0.000002
0.000007
-0.068136
0.000000
0.000000
-0.000156
0.000004
-0.000012
0.000017
2.313084
0.000017
0.000005
0.002417
-0.000002
0.000006
-0.068136
0.000000
0.000000
-0.000143
0.000003
-0.000010
0.000016
2.313088
0.000014
0.000004
0.002222
-0.000001
0.000005
-0.068135
0.000000
0.000000
-0.000132
