0.408778
0.408778
0.408778
0.408778
0.407218
0.407245
0.407299
0.407272
0.407386
0.407360
0.407262
0.407323
0.407320
0.407358
0.407346
0.407367
0.407374
0.407420
0.407371
0.407420
0.407448
0.407499
0.407448
0.407498
0.407511
0.407552
0.407516
0.407552
0.407567
0.407584
0.407574
0.407584
0.407618
0.407598
0.407625
0.407597
0.407667
0.407607
0.407672
0.407606
0.407712
0.407628
0.407715
0.407627
0.407752
0.407666
0.407752
0.407665
0.407783
0.407718
0.407782
0.407717
0.407808
0.407777
0.407806
0.407775
0.407833
0.407832
0.407830
0.407830
0.407862
0.407878
0.407861
0.407876
0.407902
0.407913
0.407903
0.407911
0.407951
0.407937
0.407954
0.407935
0.408005
0.407958
0.408009
0.407955
0.408056
0.407981
0.408059
0.407979
0.408093
0.408015
0.408095
0.408012
0.408109
0.408063
0.408107
0.408060
0.408099
0.408124
0.408095
0.408121
0.408072
0.408196
0.408066
0.408193
0.408051
0.408270
0.408043
0.408266
0.408059
0.408334
0.408052
0.408330
0.408107
0.408382
0.408101
0.408378
0.408182
0.408409
0.408179
0.408405
0.408266
0.408407
0.408267
0.408404
0.408349
0.408365
0.408355
0.408362
0.408432
0.408284
0.408440
0.408281
0.408508
0.408196
0.408518
0.408192
0.408563
0.408152
0.408572
0.408147
0.408585
0.408186
0.408592
0.408181
0.408583
0.408282
0.408586
0.408277
0.408566
0.408398
0.408566
0.408393
0.408538
0.408502
0.408535
0.408498
0.408496
0.408583
0.408491
0.408579
0.408449
0.408641
0.408443
0.408636
0.408418
0.408675
0.408413
0.408669
0.408420
0.408684
0.408417
0.408678
0.408458
0.408672
0.408457
0.408666
0.408517
0.408648
0.408519
0.408642
0.408579
0.408623
0.408582
0.408617
0.408629
0.408610
0.408631
0.408604
0.408657
0.408614
0.408659
0.408608
0.408666
0.408638
0.408665
0.408632
0.408660
0.408676
0.408658
0.408670
0.408652
0.408717
0.408649
0.408711
0.408653
0.408748
0.408650
0.408742
0.408670
0.408759
0.408669
0.408753
0.408708
0.408743
0.408709
0.408737
0.408763
0.408703
0.408767
0.408697
0.408825
0.408651
0.408832
0.408645
0.408883
0.408613
0.408891
0.408606
0.408925
0.408610
0.408932
0.408603
0.408946
0.408652
0.408953
0.408645
0.408946
0.408724
0.408949
0.408717
0.408917
0.408809
0.408916
0.408802
0.408849
0.408892
0.408845
0.408885
0.410246
0.410460
0.410239
0.410450
0.409218
0.411507
0.409109
0.411480
0.410842
0.409587
0.411006
0.409615
0.410284
0.410113
0.410205
0.410101
0.410115
0.410162
0.410137
0.410158
0.410049
0.410130
0.410040
0.410127
0.410102
0.409968
0.410113
0.409964
0.409977
0.410006
0.409967
0.410003
0.409958
0.409925
0.409964
0.409922
0.409900
0.409899
0.409896
0.409896
0.409865
0.409847
0.409866
0.409844
0.409817
0.409815
0.409816
0.409812
0.409780
0.409772
0.409781
0.409769
0.409740
0.409737
0.409740
0.409735
0.409704
0.409701
0.409704
0.409698
0.409669
0.409667
0.409669
0.409664
0.409635
0.409634
0.409635
0.409631
0.409603
0.409602
0.409603
0.409600
0.409572
0.409571
0.409572
0.409569
0.409543
0.409542
0.409543
0.409540
0.409514
0.409514
0.409514
0.409512
0.409487
0.409487
0.409487
0.409485
0.409461
0.409461
0.409461
0.409459
0.409435
0.409436
0.409435
0.409434
0.409411
0.409411
0.409411
0.409410
0.409388
0.409388
0.409388
0.409387
0.409366
0.409366
0.409366
0.409365
0.409344
0.409344
0.409344
0.409343
0.409323
0.409324
0.409323
0.409323
0.409304
0.409304
0.409303
0.409303
0.408155
0.408453
0.408126
0.408478
0.408444
0.408283
0.408488
0.408245
0.408432
0.408323
0.408420
0.408331
0.408411
0.408352
0.408412
0.408350
0.408427
0.408384
0.408427
0.408382
0.408438
0.408410
0.408437
0.408408
0.408446
0.408437
0.408445
0.408434
0.408455
0.408461
0.408454
0.408459
0.408465
0.408483
0.408464
0.408481
0.408476
0.408502
0.408476
0.408499
0.408489
0.408517
0.408489
0.408515
0.408505
0.408530
0.408505
0.408528
0.408522
0.408541
0.408522
0.408538
0.408540
0.408550
0.408541
0.408547
0.408559
0.408558
0.408560
0.408555
0.408578
0.408566
0.408579
0.408563
0.408595
0.408574
0.408596
0.408571
0.408611
0.408584
0.408612
0.408581
0.408624
0.408596
0.408625
0.408593
0.408634
0.408610
0.408634
0.408607
0.408641
0.408625
0.408641
0.408622
0.408645
0.408641
0.408645
0.408638
0.408646
0.408658
0.408646
0.408654
0.408646
0.408675
0.408645
0.408671
0.408646
0.408691
0.408645
0.408687
0.408648
0.408705
0.408647
0.408701
0.408654
0.408718
0.408652
0.408714
0.408664
0.408730
0.408663
0.408726
0.408679
0.408740
0.408677
0.408736
0.408698
0.408749
0.408696
0.408745
0.408719
0.408756
0.408717
0.408752
0.408740
0.408762
0.408739
0.408759
0.408760
0.408767
0.408759
0.408763
0.408778
0.408769
0.408777
0.408765
0.408792
0.408770
0.408792
0.408766
0.408804
0.408768
0.408804
0.408764
0.408812
0.408767
0.408812
0.408763
0.408818
0.408766
0.408818
0.408762
0.408821
0.408767
0.408821
0.408763
0.408822
0.408771
0.408822
0.408767
0.408821
0.408779
0.408821
0.408774
0.408820
0.408789
0.408819
0.408784
0.408818
0.408800
0.408817
0.408796
0.408816
0.408812
0.408815
0.408808
0.408815
0.408824
0.408815
0.408819
0.408816
0.408834
0.408815
0.408829
0.408818
0.408841
0.408817
0.408837
0.408822
0.408846
0.408822
0.408842
0.408828
0.408849
0.408828
0.408844
0.408836
0.408849
0.408836
0.408845
0.408844
0.408848
0.408845
0.408843
0.408854
0.408846
0.408855
0.408841
0.408864
0.408844
0.408865
0.408839
0.408873
0.408844
0.408875
0.408839
0.408882
0.408846
0.408883
0.408841
0.408889
0.408851
0.408891
0.408846
0.408895
0.408859
0.408897
0.408854
0.408900
0.408869
0.408902
0.408864
0.408903
0.408882
0.408904
0.408877
0.408903
0.408894
0.408905
0.408889
0.408902
0.408906
0.408903
0.408901
0.408897
0.408917
0.408898
0.408912
0.408891
0.408925
0.408891
0.408920
0.408883
0.408931
0.408883
0.408926
0.408876
0.408935
0.408876
0.408930
0.408870
0.408936
0.408870
0.408931
0.408868
0.408936
0.408868
0.408930
0.408871
0.408934
0.408870
0.408928
0.408877
0.408931
0.408876
0.408925
0.408887
0.408927
0.408887
0.408922
0.408899
0.408923
0.408899
0.408918
0.408912
0.408920
0.408911
0.408915
0.408923
0.408917
0.408923
0.408911
0.408932
0.408914
0.408932
0.408909
0.408939
0.408912
0.408939
0.408907
0.408943
0.408911
0.408943
0.408906
0.408945
0.408912
0.408945
0.408907
0.408944
0.408915
0.408944
0.408909
0.408941
0.408919
0.408941
0.408914
0.408938
0.408925
0.408937
0.408919
0.408933
0.408931
0.408933
0.408926
0.408930
0.408938
0.408929
0.408933
0.408926
0.408944
0.408925
0.408939
0.408925
0.408949
0.408924
0.408944
0.408925
0.408953
0.408924
0.408947
0.408927
0.408954
0.408926
0.408948
0.408931
0.408953
0.408930
0.408947
0.408936
0.408949
0.408936
0.408944
0.408942
0.408944
0.408942
0.408938
0.410195
0.409522
0.410230
0.409515
0.409696
0.410264
0.409641
0.410239
0.409833
0.409808
0.409870
0.409834
0.409778
0.409803
0.409760
0.409791
0.409795
0.409731
0.409806
0.409727
0.409682
0.409765
0.409673
0.409762
0.409706
0.409658
0.409715
0.409655
0.409634
0.409666
0.409628
0.409663
0.409621
0.409605
0.409625
0.409602
0.409574
0.409589
0.409571
0.409587
0.409552
0.409545
0.409554
0.409543
0.409515
0.409523
0.409514
0.409520
0.409490
0.409489
0.409491
0.409487
0.409460
0.409464
0.409460
0.409462
0.409435
0.409435
0.409435
0.409433
0.409409
0.409410
0.409408
0.409409
0.409384
0.409385
0.409384
0.409384
0.409361
0.409362
0.409361
0.409360
0.409338
0.409339
0.409338
0.409338
0.409316
0.409317
0.409316
0.409316
0.409296
0.409297
0.409296
0.409295
0.409276
0.409277
0.409276
0.409275
0.409257
0.409257
0.409257
0.409256
0.409238
0.409239
0.409238
0.409238
0.409221
0.409221
0.409221
0.409220
0.409204
0.409204
0.409204
0.409203
0.409187
0.409188
0.409187
0.409187
0.409172
0.409172
0.409172
0.409171
0.409157
0.409157
0.409157
0.409156
0.409142
0.409143
0.409142
0.409142
0.409129
0.409129
0.409129
0.409128
0.409115
0.409116
0.409115
0.409115
0.409102
0.409103
0.409102
0.409102
0.409090
0.409091
0.409090
0.409090
0.409078
0.409079
0.409078
0.409078
0.409067
0.409067
0.409067
0.409067
0.409056
0.409057
0.409056
0.409056
0.409046
0.409046
0.409046
0.409046
0.409036
0.409036
0.409036
0.409036
0.409026
0.409026
0.409026
0.409026
0.409017
0.409017
0.409017
0.409017
0.409008
0.409008
0.409008
0.409008
0.408999
0.408999
0.408999
0.408999
0.408991
0.408991
0.408991
0.408991
0.408983
0.408983
0.408983
0.408983
0.408975
0.408976
0.408975
0.408975
0.408968
0.408968
0.408968
0.408968
0.408961
0.408961
0.408961
0.408961
0.408954
0.408954
0.408954
0.408954
0.408948
0.408948
0.408948
0.408948
0.408941
0.408942
0.408941
0.408941
0.408935
0.408936
0.408935
0.408935
0.408930
0.408930
0.408930
0.408930
0.408924
0.408924
0.408924
0.408924
0.408919
0.408919
0.408919
0.408919
0.408913
0.408914
0.408913
0.408913
0.408908
0.408909
0.408908
0.408908
0.408904
0.408904
0.408904
0.408904
0.408899
0.408899
0.408899
0.408899
0.408895
0.408895
0.408895
0.408895
0.408890
0.408890
0.408890
0.408890
