0.408793
0.408793
0.408793
0.408793
0.408749
0.408749
0.408749
0.408749
0.408786
0.408786
0.408786
0.408786
0.408770
0.408770
0.408770
0.408770
0.408777
0.408777
0.408777
0.408777
0.408774
0.408774
0.408774
0.408774
0.408775
0.408775
0.408775
0.408775
0.408775
0.408775
0.408775
0.408775
0.408775
0.408775
0.408775
0.408775
0.408775
0.408775
0.408775
0.408775
0.408775
0.408775
0.408775
0.408775
0.408775
0.408775
0.408775
0.408775
0.408775
0.408775
0.408775
0.408775
0.408775
0.408775
0.408775
0.408775
0.408775
0.408775
0.408775
0.408775
0.408775
0.408775
0.408775
0.408775
0.408775
0.408775
0.408775
0.408775
0.408775
0.408775
0.408775
0.408775
0.408775
0.408775
0.408775
0.408775
0.408775
0.408775
0.408775
0.408775
0.408775
0.408775
0.408775
0.408775
0.408775
0.408775
0.408775
0.408775
0.408775
0.408775
0.408775
0.408775
0.408775
0.408775
0.408775
0.408775
0.408775
0.408775
0.408775
0.408775
0.408775
0.408775
0.408775
0.408775
0.408775
0.408775
0.408775
0.408775
0.408775
0.408775
0.408775
0.408775
0.408775
0.408775
0.408775
0.408775
0.408775
0.408775
0.408775
0.408775
