0.000000
2.000000
250.000000
1.000000
0.000000
0.000000
0.000000
0.000000
0.000000
0.000000
0.000000
0.000000
0.000000
-0.000000
2.000000
250.000079
1.000000
-0.000000
-0.000000
0.000000
-0.000000
0.000000
0.000159
-0.000000
-0.000000
0.000000
0.009527
2.003190
249.963841
1.000000
-0.001951
0.005827
0.000000
0.038108
0.012759
-0.072635
-0.007804
0.023309
0.000000
0.127079
2.043120
249.855341
0.999986
-0.003230
0.008608
0.000119
0.208330
0.072029
-0.140547
0.002688
-0.012185
0.000464
0.400133
2.142590
249.675898
1.000018
-0.002592
0.004368
0.000557
0.327275
0.125900
-0.211177
-0.000148
-0.004777
0.001253
0.759950
2.293288
249.427815
1.000021
-0.002627
0.001757
0.001510
0.386198
0.175907
-0.279629
-0.000000
-0.005668
0.002533
1.152693
2.494537
249.114395
1.000013
-0.002588
-0.001019
0.003132
0.391501
0.225107
-0.344917
0.000145
-0.005437
0.003926
1.525366
2.745366
248.738935
0.999996
-0.002524
-0.003318
0.005374
0.346683
0.272700
-0.406884
0.000100
-0.003759
0.005019
1.833978
3.044107
248.303685
0.999974
-0.002471
-0.004723
0.007997
0.266725
0.319334
-0.465817
0.000120
-0.001858
0.005458
2.051427
3.389079
247.810131
0.999952
-0.002415
-0.005176
0.010593
0.169963
0.365451
-0.522607
0.000130
0.000056
0.004919
2.168929
3.778630
247.259432
0.999934
-0.002363
-0.004777
0.012662
0.074078
0.411076
-0.577988
0.000127
0.001557
0.003360
2.194011
4.211373
246.652877
0.999928
-0.002316
-0.003799
0.013784
-0.007413
0.455853
-0.632238
0.000124
0.002371
0.001139
2.145295
4.686266
245.992058
0.999935
-0.002269
-0.002599
0.013786
-0.067432
0.499258
-0.685230
0.000124
0.002447
-0.001120
2.045748
5.202440
245.278785
0.999953
-0.002220
-0.001506
0.012799
-0.105551
0.540942
-0.736702
0.000120
0.001943
-0.002822
1.916435
5.758987
244.514897
0.999977
-0.002170
-0.000733
0.011179
-0.126366
0.580891
-0.786483
0.000110
0.001161
-0.003651
1.772434
6.354875
243.702135
1.000001
-0.002122
-0.000332
0.009348
-0.136703
0.619328
-0.834555
0.000096
0.000450
-0.003671
1.621831
6.988990
242.842130
1.000020
-0.002077
-0.000196
0.007611
-0.142551
0.656511
-0.880989
0.000084
0.000100
-0.003274
1.467743
7.660218
241.936444
1.000035
-0.002038
-0.000108
0.006033
-0.146649
0.692593
-0.925874
0.000076
0.000255
-0.003041
1.312378
8.367522
240.986616
1.000047
-0.002002
0.000173
0.004396
-0.147420
0.727610
-0.969281
0.000071
0.000868
-0.003504
1.161561
9.109952
239.994186
1.000058
-0.001971
0.000821
0.002289
-0.139553
0.761531
-1.011241
0.000069
0.001713
-0.004918
1.027958
9.886619
238.960682
1.000064
-0.001941
0.001870
-0.000719
-0.116026
0.794396
-1.051730
0.000069
0.002455
-0.007106
0.931653
10.696566
237.887533
1.000057
-0.001912
0.003183
-0.004858
-0.070956
0.826498
-1.090708
0.000066
0.002748
-0.009439
0.897496
11.538618
236.775920
1.000026
-0.001884
0.004473
-0.009957
-0.002403
0.858488
-1.128233
0.000054
0.002340
-0.010945
0.949604
12.411353
235.626679
0.999966
-0.001867
0.005368
-0.015332
0.085743
0.891143
-1.164577
0.000028
0.001158
-0.010549
1.104358
13.313383
234.440403
0.999897
-0.001866
0.005519
-0.019842
0.183409
0.924713
-1.200179
0.000003
-0.000639
-0.007488
1.363824
14.243887
233.217809
0.999857
-0.001881
0.004704
-0.022164
0.275727
0.958257
-1.235378
0.000014
-0.002688
-0.001808
1.711660
15.202972
231.960178
0.999883
-0.001891
0.002907
-0.021239
0.345812
0.989707
-1.270081
0.000085
-0.004529
0.005496
2.112911
16.191368
230.669538
0.999974
-0.001871
0.000333
-0.016619
0.378268
1.017017
-1.303652
0.000186
-0.005743
0.012968
2.517995
17.209517
229.348316
1.000075
-0.001817
-0.002631
-0.008540
0.362714
1.039746
-1.335234
0.000245
-0.006023
0.019326
2.870209
18.256668
227.998582
1.000109
-0.001750
-0.005474
0.002180
0.296640
1.059862
-1.364332
0.000229
-0.005209
0.023532
3.115511
19.330601
226.621334
1.000013
-0.001701
-0.007659
0.014184
0.186705
1.081027
-1.391288
0.000155
-0.003350
0.024465
3.212784
20.428222
225.216353
0.999794
-0.001695
-0.008738
0.025558
0.047790
1.106575
-1.417231
0.000050
-0.000772
0.021026
3.142228
21.546940
223.782813
0.999548
-0.001744
-0.008489
0.034082
-0.100148
1.137243
-1.443458
-0.000030
0.001950
0.013085
2.909415
22.686114
222.320300
0.999418
-0.001817
-0.006987
0.037932
-0.236250
1.170204
-1.470602
0.000007
0.004195
0.002336
2.543751
23.847258
220.829584
0.999483
-0.001850
-0.004564
0.036430
-0.342497
1.200547
-1.498242
0.000178
0.005560
-0.008333
2.092146
25.032582
219.312640
0.999697
-0.001801
-0.001687
0.030201
-0.406339
1.224395
-1.525220
0.000351
0.005924
-0.016574
1.610076
26.243163
217.771958
0.999940
-0.001693
0.001145
0.020696
-0.422521
1.241230
-1.550378
0.000393
0.005312
-0.021438
1.151976
27.478253
216.209629
1.000105
-0.001581
0.003474
0.009615
-0.394068
1.253734
-1.573205
0.000319
0.003860
-0.022869
0.762410
28.735764
214.626801
1.000147
-0.001502
0.004954
-0.001369
-0.331481
1.265730
-1.594029
0.000205
0.001895
-0.021056
0.469548
30.013236
213.023742
1.000088
-0.001467
0.005441
-0.010743
-0.249766
1.280038
-1.613683
0.000104
-0.000106
-0.016434
0.282535
31.308771
211.400336
0.999995
-0.001467
0.005030
-0.017350
-0.164394
1.297440
-1.632947
0.000043
-0.001675
-0.009997
0.193345
32.621524
209.756607
0.999935
-0.001480
0.004006
-0.020665
-0.087792
1.316941
-1.652172
0.000034
-0.002523
-0.003269
0.182218
33.951517
208.092946
0.999935
-0.001483
0.002736
-0.020923
-0.027373
1.336858
-1.671284
0.000057
-0.002611
0.002232
0.224692
35.299021
206.410045
0.999978
-0.001468
0.001562
-0.018969
0.014789
1.355918
-1.690024
0.000075
-0.002109
0.005578
0.298055
36.664063
204.708689
1.000036
-0.001443
0.000707
-0.015907
0.041003
1.373704
-1.708183
0.000069
-0.001312
0.006666
0.385621
38.046315
202.989608
1.000085
-0.001417
0.000238
-0.012714
0.056089
1.390414
-1.725679
0.000049
-0.000556
0.006101
0.478006
39.445262
201.253451
1.000119
-0.001397
0.000065
-0.009963
0.065059
1.406398
-1.742526
0.000032
-0.000130
0.004906
0.571405
40.860372
199.500812
1.000142
-0.001382
-0.000017
-0.007698
0.070969
1.421880
-1.758765
0.000023
-0.000187
0.004151
0.663754
42.291188
197.732276
1.000160
-0.001371
-0.000244
-0.005511
0.073639
1.436913
-1.774432
0.000022
-0.000699
0.004597
0.750292
43.737327
195.948432
1.000175
-0.001362
-0.000796
-0.002754
0.069631
1.451461
-1.789542
0.000025
-0.001464
0.006428
0.820206
45.198426
194.149870
1.000181
-0.001351
-0.001726
0.001148
0.053506
1.465561
-1.804073
0.000028
-0.002168
0.009174
0.855748
46.674009
192.337112
1.000166
-0.001341
-0.002920
0.006401
0.019976
1.479525
-1.817988
0.000024
-0.002480
0.011829
0.834434
48.163346
190.510511
1.000113
-0.001334
-0.004118
0.012640
-0.033681
1.494041
-1.831318
0.000003
-0.002147
0.013116
0.734035
49.665483
188.670163
1.000021
-0.001342
-0.004972
0.018885
-0.105702
1.509876
-1.844254
-0.000034
-0.001088
0.011862
0.539155
51.179597
186.815983
0.999924
-0.001371
-0.005145
0.023718
-0.189025
1.527165
-1.857133
-0.000063
0.000559
0.007472
0.247503
52.705555
184.948020
0.999881
-0.001415
-0.004417
0.025669
-0.271874
1.544728
-1.870231
-0.000043
0.002461
0.000335
-0.126063
54.244204
183.066846
0.999935
-0.001447
-0.002757
0.023696
-0.339614
1.560225
-1.883470
0.000047
0.004206
-0.008220
-0.549045
55.796923
181.173745
1.000066
-0.001442
-0.000331
0.017511
-0.377540
1.571450
-1.896300
0.000163
0.005412
-0.016508
-0.974649
57.364611
179.270425
1.000192
-0.001396
0.002511
0.007608
-0.374200
1.578033
-1.907926
0.000230
0.005768
-0.023090
-1.348536
58.946766
177.358322
1.000209
-0.001337
0.005290
-0.004875
-0.324607
1.582247
-1.917816
0.000211
0.005069
-0.026819
-1.618091
60.541277
175.437896
1.000054
-0.001298
0.007470
-0.018235
-0.232189
1.588142
-1.926166
0.000125
0.003320
-0.026607
-1.742103
62.144642
173.545277
0.999757
-0.001093
0.008574
-0.030310
-0.108284
1.599087
-1.860850
0.000879
0.000785
-0.021691
-1.712159
63.750613
171.716455
0.999884
0.000708
0.001140
-0.025423
0.000834
1.593611
-1.800439
0.007311
-0.029934
0.041281
-1.653367
65.331712
169.951450
1.000067
0.002007
-0.002003
-0.013632
-0.019427
1.544964
-1.741653
-0.001925
0.017505
0.005887
-1.624167
66.867020
168.247393
1.000084
0.001590
0.001035
-0.011590
0.006806
1.503842
-1.680906
0.000109
-0.005341
0.002256
-1.581954
68.361017
166.601984
1.000092
0.001604
-0.000006
-0.010241
0.012452
1.463934
-1.622639
-0.000012
0.001175
0.003148
-1.538872
69.814875
165.013587
1.000105
0.001574
-0.000118
-0.008085
0.019572
1.424704
-1.566459
-0.000109
-0.001571
0.005473
-1.498336
71.229647
163.480104
1.000111
0.001543
-0.000076
-0.006294
0.020284
1.386694
-1.512222
-0.000021
0.001746
0.001692
-1.459489
72.606409
161.999610
1.000110
0.001519
0.000067
-0.005225
0.025980
1.349547
-1.459924
-0.000081
-0.001156
0.002583
-1.420158
73.946079
160.570236
1.000109
0.001487
-0.000077
-0.004185
0.026842
1.313443
-1.409455
-0.000048
0.000589
0.001576
-1.382295
75.249696
159.190189
1.000106
0.001460
-0.000013
-0.003397
0.028915
1.278255
-1.360766
-0.000065
-0.000322
0.001577
-1.345115
76.518193
157.857732
1.000103
0.001431
-0.000044
-0.002742
0.029455
1.244013
-1.313789
-0.000053
0.000200
0.001042
-1.308972
77.752507
156.571197
1.000099
0.001404
-0.000026
-0.002240
0.030245
1.210657
-1.268462
-0.000061
-0.000121
0.000967
-1.273621
78.953538
155.328970
1.000095
0.001375
-0.000041
-0.001819
0.030334
1.178189
-1.224727
-0.000056
0.000067
0.000716
-1.239233
80.122173
154.129501
1.000090
0.001348
-0.000033
-0.001488
0.030401
1.146572
-1.182526
-0.000058
-0.000033
0.000610
-1.205698
81.259271
152.971291
1.000086
0.001320
-0.000037
-0.001216
0.030190
1.115792
-1.141805
-0.000056
0.000018
0.000478
-1.173054
82.365671
151.852896
1.000082
0.001292
-0.000035
-0.000997
0.029899
1.085822
-1.102510
-0.000056
-0.000008
0.000396
-1.141260
83.442189
150.772924
1.000078
0.001265
-0.000036
-0.000819
0.029483
1.056644
-1.064590
-0.000055
0.000006
0.000318
-1.110311
84.489622
149.730032
1.000074
0.001238
-0.000035
-0.000674
0.029007
1.028236
-1.027997
-0.000055
-0.000001
0.000261
-1.080183
85.508744
148.722927
1.000071
0.001212
-0.000035
-0.000555
0.028473
1.000580
-0.992683
-0.000054
0.000002
0.000212
-1.050861
86.500312
147.750358
1.000067
0.001185
-0.000034
-0.000459
0.027904
0.973655
-0.958603
-0.000053
0.000001
0.000174
-1.022324
87.465061
146.811123
1.000064
0.001159
-0.000034
-0.000380
0.027309
0.947443
-0.925712
-0.000052
0.000002
0.000143
-0.994554
88.403707
145.904059
1.000061
0.001134
-0.000033
-0.000315
0.026698
0.921926
-0.893968
-0.000052
0.000001
0.000117
-0.967531
89.316950
145.028048
1.000058
0.001108
-0.000032
-0.000261
0.026078
0.897085
-0.863330
-0.000051
0.000001
0.000096
-0.941236
90.205469
144.182009
1.000055
0.001083
-0.000032
-0.000217
0.025454
0.872904
-0.833760
-0.000050
0.000001
0.000079
-0.915651
91.069927
143.364900
1.000052
0.001059
-0.000031
-0.000181
0.024832
0.849365
-0.805219
-0.000049
0.000001
0.000066
-0.890758
91.910968
142.575716
1.000049
0.001035
-0.000030
-0.000151
0.024213
0.826452
-0.777670
-0.000048
0.000001
0.000054
-0.866538
92.729221
141.813489
1.000047
0.001011
-0.000030
-0.000126
0.023600
0.804149
-0.751079
-0.000048
0.000001
0.000045
-0.842973
93.525297
141.077282
1.000044
0.000987
-0.000029
-0.000106
0.022996
0.782440
-0.725411
-0.000047
0.000001
0.000037
-0.820046
94.299793
140.366195
1.000042
0.000964
-0.000028
-0.000089
0.022402
0.761309
-0.700633
-0.000046
0.000001
0.000031
-0.797741
95.053288
139.679357
1.000040
0.000942
-0.000028
-0.000074
0.021818
0.740742
-0.676716
-0.000045
0.000001
0.000026
-0.779496
95.789716
138.992171
1.000055
-0.001035
-0.002104
0.002124
0.008326
0.735076
-0.698775
-0.007859
-0.008252
0.008774
-0.800429
96.542359
138.281392
1.000046
-0.002352
-0.003083
0.005184
-0.049059
0.775948
-0.718683
0.002595
0.004380
0.003475
-0.877679
97.334639
137.548501
1.000049
-0.001756
-0.001749
0.006273
-0.089277
0.810313
-0.741352
-0.000176
0.000961
0.000886
-0.990213
98.158948
136.793870
1.000053
-0.001806
-0.001244
0.006320
-0.117128
0.842275
-0.762899
-0.000015
0.001078
-0.000693
-1.126677
99.014991
136.018073
1.000062
-0.001780
-0.000709
0.005682
-0.135761
0.873935
-0.783639
0.000128
0.001069
-0.001856
-1.276676
99.902256
135.221984
1.000072
-0.001733
-0.000222
0.004559
-0.145215
0.904289
-0.803715
0.000069
0.000876
-0.002634
-1.430754
100.819767
134.406326
1.000081
-0.001698
0.000152
0.003168
-0.146957
0.933615
-0.823047
0.000076
0.000615
-0.002927
-1.581583
101.766688
133.571787
1.000089
-0.001662
0.000399
0.001733
-0.143050
0.962048
-0.841677
0.000072
0.000361
-0.002811
-1.724316
102.742163
132.719012
1.000094
-0.001628
0.000522
0.000434
-0.135616
0.989690
-0.859648
0.000067
0.000118
-0.002385
-1.856516
103.745354
131.848605
1.000098
-0.001596
0.000535
-0.000604
-0.126679
1.016628
-0.877001
0.000063
-0.000082
-0.001764
-1.977895
104.775466
130.961140
1.000102
-0.001565
0.000463
-0.001314
-0.117944
1.042906
-0.893774
0.000059
-0.000217
-0.001077
-2.089795
105.831740
130.057173
1.000105
-0.001536
0.000344
-0.001696
-0.110607
1.068537
-0.909995
0.000056
-0.000273
-0.000452
-2.194498
106.913454
129.137245
1.000109
-0.001509
0.000216
-0.001809
-0.105231
1.093522
-0.925687
0.000053
-0.000246
-0.000002
-2.294442
108.019917
128.201885
1.000114
-0.001482
0.000121
-0.001761
-0.101697
1.117857
-0.940865
0.000050
-0.000142
0.000193
-2.391436
109.150464
127.251614
1.000118
-0.001457
0.000093
-0.001690
-0.099241
1.141542
-0.955544
0.000048
0.000025
0.000091
-2.485983
110.304456
126.286942
1.000122
-0.001432
0.000160
-0.001743
-0.096555
1.164577
-0.969734
0.000045
0.000231
-0.000302
-2.576770
111.481275
125.308373
1.000125
-0.001409
0.000334
-0.002053
-0.091958
1.186966
-0.983444
0.000044
0.000450
-0.000939
-2.660415
112.680317
124.316399
1.000127
-0.001387
0.000615
-0.002723
-0.083608
1.208724
-0.996677
0.000042
0.000652
-0.001736
-2.731469
113.900984
123.311497
1.000127
-0.001364
0.000989
-0.003803
-0.069743
1.229889
-1.009440
0.000041
0.000810
-0.002581
-2.782719
115.142667
122.294116
1.000124
-0.001343
0.001428
-0.005287
-0.048918
1.250535
-1.021739
0.000039
0.000898
-0.003351
-2.805732
116.404735
121.264659
1.000117
-0.001322
0.001893
-0.007106
-0.020209
1.270774
-1.033597
0.000035
0.000900
-0.003921
-2.791614
117.686535
120.223472
1.000105
-0.001303
0.002338
-0.009132
0.016625
1.290735
-1.045050
0.000030
0.000809
-0.004181
-2.731884
118.987403
119.170838
1.000089
-0.001286
0.002718
-0.011189
0.061055
1.310537
-1.056153
0.000024
0.000626
-0.004046
-2.619387
120.306698
118.106982
1.000072
-0.001272
0.002987
-0.013070
0.111774
1.330232
-1.066974
0.000017
0.000363
-0.003474
-2.449145
121.643838
117.032101
1.000058
-0.001260
0.003110
-0.014558
0.166762
1.349774
-1.077574
0.000013
0.000042
-0.002479
-2.219030
122.998341
115.946398
1.000050
-0.001249
0.003065
-0.015461
0.223420
1.368994
-1.087999
0.000013
-0.000309
-0.001134
-1.930220
124.369840
114.850129
1.000054
-0.001238
0.002841
-0.015636
0.278764
1.387622
-1.098257
0.000018
-0.000659
0.000435
-1.587349
125.758077
113.743638
1.000069
-0.001225
0.002445
-0.015010
0.329650
1.405349
-1.108313
0.000028
-0.000979
0.002069
-1.198372
127.162860
112.627380
1.000094
-0.001209
0.001899
-0.013589
0.373039
1.421909
-1.118091
0.000040
-0.001240
0.003612
-0.774139
128.584009
111.501909
1.000124
-0.001189
0.001236
-0.011453
0.406258
1.437160
-1.127488
0.000052
-0.001421
0.004930
-0.327717
130.021301
110.367845
1.000154
-0.001166
0.000500
-0.008736
0.427256
1.451124
-1.136400
0.000060
-0.001506
0.005934
0.126463
131.474427
109.225828
1.000177
-0.001142
-0.000258
-0.005609
0.434804
1.463990
-1.144745
0.000063
-0.001487
0.006571
0.573596
132.942973
108.076453
1.000190
-0.001118
-0.000988
-0.002259
0.428616
1.476071
-1.152485
0.000063
-0.001366
0.006824
0.999507
134.426423
106.920220
1.000191
-0.001095
-0.001638
0.001121
0.409364
1.487729
-1.159639
0.000058
-0.001154
0.006693
1.391610
135.924187
105.757509
1.000182
-0.001075
-0.002169
0.004344
0.378592
1.499308
-1.166279
0.000052
-0.000872
0.006194
1.739706
137.435642
104.588566
1.000165
-0.001058
-0.002550
0.007235
0.338533
1.511067
-1.172511
0.000044
-0.000547
0.005365
2.036543
138.960175
103.413530
1.000145
-0.001043
-0.002766
0.009642
0.291869
1.523144
-1.178459
0.000037
-0.000211
0.004264
2.278095
140.497236
102.232466
1.000127
-0.001030
-0.002820
0.011454
0.241466
1.535543
-1.184233
0.000031
0.000102
0.002983
2.463518
142.046365
101.045408
1.000115
-0.001019
-0.002728
0.012609
0.190109
1.548153
-1.189916
0.000027
0.000366
0.001638
2.594815
143.607196
99.852399
1.000111
-0.001009
-0.002519
0.013109
0.140267
1.560791
-1.195550
0.000025
0.000556
0.000361
2.676241
145.179448
98.653516
1.000116
-0.000998
-0.002233
0.013018
0.093899
1.573256
-1.201141
0.000024
0.000662
-0.000725
2.713552
146.762888
97.448876
1.000126
-0.000986
-0.001912
0.012456
0.052320
1.585379
-1.206670
0.000025
0.000680
-0.001522
2.713150
148.357304
96.238633
1.000139
-0.000974
-0.001601
0.011582
0.016125
1.597057
-1.212101
0.000024
0.000616
-0.001974
2.681254
149.962475
95.022967
1.000153
-0.000960
-0.001335
0.010571
-0.014809
1.608257
-1.217402
0.000023
0.000484
-0.002071
2.623161
151.578160
93.802068
1.000166
-0.000947
-0.001146
0.009591
-0.041252
1.619002
-1.222546
0.000021
0.000306
-0.001849
2.542679
153.204097
92.576121
1.000176
-0.000934
-0.001050
0.008784
-0.064470
1.629350
-1.227518
0.000019
0.000109
-0.001380
2.441802
154.840003
91.345300
1.000183
-0.000922
-0.001050
0.008247
-0.086030
1.639372
-1.232317
0.000016
-0.000079
-0.000765
2.320643
156.485586
90.109761
1.000188
-0.000910
-0.001137
0.008027
-0.107558
1.649137
-1.236948
0.000013
-0.000232
-0.000118
2.177646
158.140549
88.869640
1.000190
-0.000899
-0.001288
0.008109
-0.130503
1.658702
-1.241423
0.000010
-0.000326
0.000445
2.010035
159.804595
87.625054
1.000190
-0.000890
-0.001469
0.008425
-0.155915
1.668109
-1.245759
0.000007
-0.000347
0.000820
1.814463
161.477439
86.376103
1.000190
-0.000881
-0.001642
0.008863
-0.184273
1.677378
-1.249977
0.000004
-0.000286
0.000928
1.587770
163.158815
85.122874
1.000189
-0.000874
-0.001765
0.009276
-0.215376
1.686495
-1.254097
0.000001
-0.000147
0.000723
1.327773
164.848497
83.865462
1.000191
-0.000868
-0.001801
0.009507
-0.248313
1.695404
-1.258138
-0.000000
0.000059
0.000203
1.033988
166.546308
82.603980
1.000195
-0.000863
-0.001720
0.009409
-0.281513
1.704005
-1.262106
0.000000
0.000313
-0.000594
0.708197
168.252127
81.338586
1.000203
-0.000859
-0.001504
0.008864
-0.312870
1.712168
-1.265991
0.000003
0.000589
-0.001589
0.354808
169.965886
80.069496
1.000214
-0.000853
-0.001147
0.007796
-0.339940
1.719765
-1.269760
0.000009
0.000859
-0.002679
-0.019066
171.687540
78.796990
1.000227
-0.000847
-0.000658
0.006188
-0.360180
1.726709
-1.273358
0.000015
0.001093
-0.003753
-0.403793
173.417040
77.521400
1.000238
-0.000839
-0.000061
0.004073
-0.371227
1.732994
-1.276721
0.000021
0.001266
-0.004703
-0.787692
175.154289
76.243080
1.000245
-0.000830
0.000609
0.001537
-0.371161
1.738713
-1.279787
0.000025
0.001357
-0.005439
-1.157733
176.899118
74.962363
1.000244
-0.000821
0.001306
-0.001296
-0.358742
1.744058
-1.282519
0.000027
0.001350
-0.005891
-1.500420
178.651262
73.679518
1.000235
-0.000811
0.001980
-0.004271
-0.333577
1.749287
-1.284913
0.000026
0.001240
-0.006006
-1.802776
180.410369
72.394714
1.000217
-0.000802
0.002580
-0.007211
-0.296193
1.754669
-1.287015
0.000023
0.001033
-0.005752
-2.053327
182.176024
71.107997
1.000193
-0.000795
0.003060
-0.009929
-0.248017
1.760430
-1.288909
0.000017
0.000744
-0.005117
-2.243001
183.947801
69.819306
1.000168
-0.000789
0.003382
-0.012239
-0.191260
1.766691
-1.290707
0.000011
0.000397
-0.004120
-2.365825
185.725315
68.528498
1.000146
-0.000785
0.003524
-0.013974
-0.128734
1.773441
-1.292522
0.000006
0.000024
-0.002820
-2.419361
187.508275
67.235406
1.000134
-0.000783
0.003478
-0.015008
-0.063627
1.780528
-1.294445
0.000002
-0.000344
-0.001316
-2.404830
189.296510
65.939885
1.000132
-0.000780
0.003254
-0.015273
0.000753
1.787694
-1.296521
0.000003
-0.000674
0.000255
-2.326916
191.089965
64.641858
1.000143
-0.000777
0.002875
-0.014773
0.061222
1.794640
-1.298748
0.000007
-0.000940
0.001745
-2.193288
192.888665
63.341344
1.000162
-0.000771
0.002377
-0.013583
0.114973
1.801105
-1.301075
0.000013
-0.001124
0.003014
-2.013893
194.692663
62.038448
1.000187
-0.000763
0.001804
-0.011840
0.159786
1.806926
-1.303424
0.000018
-0.001214
0.003958
-1.800096
196.501988
60.733347
1.000211
-0.000752
0.001204
-0.009720
0.194206
1.812073
-1.305707
0.000022
-0.001207
0.004518
-1.563739
198.316614
59.426252
1.000232
-0.000741
0.000624
-0.007419
0.217647
1.816634
-1.307852
0.000024
-0.001110
0.004683
-1.316219
200.136443
58.117372
1.000247
-0.000729
0.000106
-0.005128
0.230406
1.820772
-1.309813
0.000023
-0.000937
0.004482
-1.067663
201.961318
56.806883
1.000256
-0.000718
-0.000314
-0.003014
0.233574
1.824674
-1.311580
0.000020
-0.000710
0.003973
-0.826278
203.791041
55.494918
1.000260
-0.000708
-0.000617
-0.001210
0.228877
1.828499
-1.313171
0.000017
-0.000457
0.003240
-0.597946
205.625403
54.181561
1.000261
-0.000700
-0.000795
0.000196
0.218435
1.832352
-1.314622
0.000013
-0.000207
0.002381
-0.386091
207.464204
52.866861
1.000260
-0.000693
-0.000854
0.001167
0.204501
1.836275
-1.315973
0.000009
0.000013
0.001502
-0.191837
209.307267
51.550846
1.000260
-0.000687
-0.000817
0.001719
0.189202
1.840262
-1.317260
0.000006
0.000177
0.000706
-0.014418
211.154449
50.233534
1.000260
-0.000683
-0.000713
0.001916
0.174292
1.844273
-1.318507
0.000004
0.000270
0.000085
0.148212
213.005630
48.914949
1.000261
-0.000679
-0.000581
0.001865
0.160978
1.848263
-1.319728
0.000002
0.000284
-0.000290
0.298642
214.860712
47.595118
1.000263
-0.000675
-0.000460
0.001696
0.149794
1.852188
-1.320925
0.000000
0.000220
-0.000384
0.439232
216.719611
46.274080
1.000264
-0.000673
-0.000387
0.001553
0.140569
1.856016
-1.322096
-0.000001
0.000089
-0.000191
0.571397
218.582252
44.951884
1.000265
-0.000670
-0.000393
0.001568
0.132466
1.859724
-1.323236
-0.000001
-0.000090
0.000254
0.695032
220.448563
43.628585
1.000265
-0.000668
-0.000496
0.001853
0.124112
1.863301
-1.324338
-0.000001
-0.000294
0.000885
0.808146
222.318471
42.304244
1.000264
-0.000665
-0.000703
0.002479
0.113780
1.866747
-1.325392
-0.000001
-0.000494
0.001615
0.906749
224.191895
40.978923
1.000261
-0.000662
-0.001006
0.003468
0.099630
1.870088
-1.326389
-0.000001
-0.000663
0.002341
0.985022
226.068729
39.652673
1.000257
-0.000660
-0.001383
0.004792
0.079958
1.873376
-1.327322
-0.000001
-0.000775
0.002955
1.035732
227.948839
38.325519
1.000248
-0.000657
-0.001802
0.006372
0.053442
1.876690
-1.328194
-0.000002
-0.000811
0.003360
1.050892
229.832054
36.997449
1.000237
-0.000654
-0.002221
0.008081
0.019349
1.880122
-1.329023
-0.000005
-0.000759
0.003476
1.026699
231.717833
35.691037
1.000257
-0.000497
-0.000109
0.005137
-0.016819
1.883446
-1.285231
0.000684
0.009075
-0.015248
0.998080
233.602141
34.431375
1.000230
0.001355
0.000436
0.001418
-0.013272
1.867948
-1.242155
0.006716
-0.006868
0.000387
0.975763
235.453579
33.218788
1.000208
0.002532
-0.000378
0.001400
-0.023265
1.812987
-1.201817
-0.002025
0.003591
-0.000457
0.948366
237.251018
32.049418
1.000199
0.002041
0.000115
0.001366
-0.020564
1.764593
-1.157610
0.000055
-0.001599
0.000320
0.922451
239.000961
30.921944
1.000190
0.002055
0.000055
0.001040
-0.022503
1.718277
-1.115717
-0.000006
0.001332
-0.001625
0.897866
240.704393
29.835223
1.000182
0.002028
0.000042
0.000807
-0.020152
1.672493
-1.075467
-0.000110
-0.001375
0.000695
0.874099
242.362176
28.787644
1.000173
0.001977
-0.000024
0.000790
-0.022144
1.627960
-1.036599
-0.000102
0.001101
-0.000763
0.850244
243.975604
27.777771
1.000165
0.001934
0.000067
0.000629
-0.020534
1.584647
-0.999209
-0.000076
-0.000734
0.000118
0.827530
245.545853
26.804208
1.000157
0.001893
0.000002
0.000557
-0.021150
1.542409
-0.963200
-0.000094
0.000470
-0.000407
0.805123
247.074032
25.865613
1.000150
0.001851
0.000040
0.000459
-0.020286
1.501287
-0.928528
-0.000081
-0.000317
0.000013
0.783473
248.561253
24.960693
1.000143
0.001810
0.000014
0.000404
-0.020352
1.461218
-0.895137
-0.000087
0.000210
-0.000232
0.762253
250.008583
24.088206
1.000136
0.001769
0.000033
0.000333
-0.019744
1.422199
-0.862982
-0.000081
-0.000135
-0.000052
0.741690
251.417073
23.246956
1.000129
0.001729
0.000019
0.000288
-0.019519
1.384189
-0.832013
-0.000083
0.000080
-0.000130
0.721606
252.787743
22.435794
1.000123
0.001690
0.000027
0.000240
-0.019039
1.347172
-0.802188
-0.000079
-0.000048
-0.000062
0.702092
254.121587
21.653613
1.000117
0.001651
0.000022
0.000204
-0.018684
1.311119
-0.773461
-0.000079
0.000026
-0.000080
0.683074
255.419575
20.899350
1.000112
0.001613
0.000024
0.000171
-0.018244
1.276008
-0.745793
-0.000077
-0.000016
-0.000053
0.664575
256.682654
20.171978
1.000106
0.001576
0.000022
0.000144
-0.017841
1.241815
-0.719141
-0.000076
0.000007
-0.000053
0.646563
257.911744
19.470513
1.000101
0.001539
0.000023
0.000121
-0.017415
1.208518
-0.693469
-0.000074
-0.000005
-0.000040
0.629036
259.107743
18.794007
1.000096
0.001503
0.000022
0.000102
-0.016999
1.176094
-0.668739
-0.000073
0.000001
-0.000036
0.611977
260.271527
18.141546
1.000091
0.001467
0.000021
0.000086
-0.016581
1.144521
-0.644916
-0.000072
-0.000002
-0.000029
0.595376
261.403949
17.512253
1.000087
0.001433
0.000021
0.000072
-0.016168
1.113779
-0.621964
-0.000070
-0.000001
-0.000025
0.579221
262.505840
16.905281
1.000083
0.001398
0.000020
0.000060
-0.015760
1.083845
-0.599853
-0.000069
-0.000001
-0.000021
0.563501
263.578010
16.319818
1.000079
0.001365
0.000020
0.000051
-0.015358
1.054700
-0.578549
-0.000067
-0.000001
-0.000018
0.548204
264.621249
15.755081
1.000075
0.001332
0.000019
0.000043
-0.014962
1.026324
-0.558023
-0.000066
-0.000001
-0.000015
0.533319
265.636325
15.210315
1.000071
0.001300
0.000019
0.000036
-0.014573
0.998698
-0.538245
-0.000065
-0.000001
-0.000012
0.518836
266.623989
14.684795
1.000067
0.001268
0.000019
0.000030
-0.014192
0.971802
-0.519187
-0.000063
-0.000001
-0.000010
0.504743
267.584970
14.177823
1.000064
0.001237
0.000018
0.000026
-0.013819
0.945618
-0.500823
-0.000062
-0.000001
-0.000009
0.491031
268.519978
13.688726
1.000061
0.001207
0.000018
0.000022
-0.013454
0.920128
-0.483126
-0.000061
-0.000001
-0.000007
0.477690
269.429708
13.216858
1.000058
0.001177
0.000017
0.000018
-0.013098
0.895315
-0.466072
-0.000059
-0.000001
-0.000006
0.464709
270.314835
12.761595
1.000055
0.001148
0.000017
0.000015
-0.012749
0.871160
-0.449635
-0.000058
-0.000001
-0.000005
0.452079
271.176014
12.322337
1.000052
0.001120
0.000016
0.000013
-0.012409
0.847647
-0.433794
-0.000057
-0.000001
-0.000004
0.439791
272.013888
11.898508
1.000049
0.001092
0.000016
0.000011
-0.012078
0.824760
-0.418527
-0.000056
-0.000001
-0.000004
0.427835
272.829080
11.489550
1.000047
0.001065
0.000016
0.000009
-0.011754
0.802482
-0.403810
-0.000054
-0.000001
-0.000003
0.416203
273.622196
11.094928
1.000045
0.001038
0.000015
0.000008
-0.011439
0.780798
-0.389625
-0.000053
-0.000001
-0.000003
0.404886
274.393830
10.714128
1.000042
0.001012
0.000015
0.000007
-0.011131
0.759693
-0.375952
-0.000052
-0.000001
-0.000002
0.393876
275.144557
10.346652
1.000040
0.000986
0.000014
0.000006
-0.010832
0.739151
-0.362770
-0.000051
-0.000001
-0.000002
0.383164
275.874938
9.992022
1.000038
0.000962
0.000014
0.000005
-0.010540
0.719158
-0.350063
-0.000050
-0.000001
-0.000002
0.372742
276.585520
9.649778
1.000036
0.000937
0.000014
0.000004
-0.010256
0.699700
-0.337813
-0.000048
-0.000001
-0.000001
0.362603
277.276834
9.319477
1.000034
0.000913
0.000013
0.000004
-0.009979
0.680763
-0.326002
-0.000047
-0.000001
-0.000001
0.352739
277.949399
9.000691
1.000033
0.000890
0.000013
0.000003
-0.009710
0.662332
-0.314615
-0.000046
-0.000001
-0.000001
0.343142
278.603720
8.693009
1.000031
0.000867
0.000013
0.000003
-0.009447
0.644396
-0.303635
-0.000045
-0.000001
-0.000001
0.333806
279.240287
8.396035
1.000029
0.000845
0.000012
0.000002
-0.009192
0.626941
-0.293048
-0.000044
-0.000001
-0.000001
0.324723
279.859579
8.109387
1.000028
0.000824
0.000012
0.000002
-0.008943
0.609954
-0.282840
-0.000043
-0.000001
-0.000001
0.315887
280.462061
7.832698
1.000026
0.000802
0.000012
0.000002
-0.008701
0.593424
-0.272995
-0.000042
-0.000001
-0.000000
0.307290
281.048186
7.565613
1.000025
0.000782
0.000011
0.000002
-0.008466
0.577337
-0.263502
-0.000041
-0.000001
-0.000000
0.298927
281.618396
7.307792
1.000024
0.000762
0.000011
0.000001
-0.008236
0.561684
-0.254347
-0.000040
-0.000001
-0.000000
0.290791
282.173121
7.058905
1.000022
0.000742
0.000011
0.000001
-0.008013
0.546451
-0.245517
-0.000039
-0.000001
-0.000000
0.282877
282.712778
6.818637
1.000021
0.000723
0.000011
0.000001
-0.007796
0.531628
-0.237001
-0.000038
-0.000001
-0.000000
0.275177
283.237774
6.586681
1.000020
0.000704
0.000010
0.000001
-0.007585
0.517205
-0.228787
-0.000037
-0.000001
-0.000000
0.267686
283.748505
6.362743
1.000019
0.000686
0.000010
0.000001
-0.007379
0.503170
-0.220865
-0.000036
-0.000001
-0.000000
0.260399
284.245358
6.146542
1.000018
0.000668
0.000010
0.000001
-0.007179
0.489514
-0.213223
-0.000035
-0.000001
-0.000000
0.253310
284.728708
5.937802
1.000017
0.000650
0.000010
0.000001
-0.006984
0.476226
-0.205851
-0.000035
-0.000001
-0.000000
0.246414
285.198919
5.736262
1.000016
0.000633
0.000009
0.000001
-0.006794
0.463296
-0.198740
-0.000034
-0.000000
-0.000000
0.239705
285.656347
5.541668
1.000015
0.000617
0.000009
0.000001
-0.006610
0.450716
-0.191880
-0.000033
-0.000000
-0.000000
0.233178
286.101339
5.353775
1.000015
0.000601
0.000009
0.000000
-0.006430
0.438475
-0.185262
-0.000032
-0.000000
-0.000000
0.226829
286.534232
5.172347
1.000014
0.000585
0.000009
0.000000
-0.006256
0.426565
-0.178877
-0.000031
-0.000000
-0.000000
0.220653
286.955352
4.997159
1.000013
0.000569
0.000008
0.000000
-0.006086
0.414977
-0.172716
-0.000030
-0.000000
-0.000000
0.214644
287.365019
4.827990
1.000012
0.000554
0.000008
0.000000
-0.005921
0.403702
-0.166773
-0.000030
-0.000000
-0.000000
0.208799
287.763544
4.664631
1.000012
0.000540
0.000008
0.000000
-0.005760
0.392733
-0.161038
-0.000029
-0.000000
-0.000000
0.203113
288.151228
4.506877
1.000011
0.000526
0.000008
0.000000
-0.005603
0.382060
-0.155504
-0.000028
-0.000000
-0.000000
