1
1
1
1
1
1
1
1
1
1
1
1
1
1
1
1
1
1
1
1
1
1
1
1
1
1
1
1
1
1
1
1
1
1
1
1
1
1
1
1
1
1
1
1
1
1
1
1
1
1
1
1
1
1
1
1
1
1
1
1
1
1
1
1
1
1
1
1
1
1
1
1
1
1
1
1
1
1
1
1
1
1
1
1
1
1
1
1
1
1
1
1
1
1
1
1
1
1
1
1
1
1
1
1
1
1
1
1
1
1
1
1
1
1
1
1
1
1
1
1
1
1
1
1
1
1
1
1
1
1
1
1
1
1
1
1
1
1
1
1
1
1
1
1
1
1
1
1
1
1
1
1
1
1
1
1
1
1
1
1
1
1
1
1
1
1
1
1
1
1
1
1
1
1
1
1
1
1
1
1
1
1
1
1
1
1
1
1
1
1
1
1
1
1
1
1
1
1
1
1
1
1
1
1
1
1
1
1
1
1
1
1
1
1
1
1
1
1
1
1
1
1
1
1
1
1
1
1
1
1
1
1
1
1
1
1
1
1
1
1
1
1
1
1
1
1
1
1
1
1
1
1
1
1
1
1
1
1
1
1
1
1
1
1
1
1
1
1
1
1
1
1
1
1
1
1
1
1
1
1
1
1
1
1
1
1
1
1
1
1
1
1
1
1
1
1
1
1
1
1
1
1
1
1
1
1
1
1
1
1
1
1
1
1
1
1
1
1
1
1
1
1
1
1
1
1
1
1
1
1
1
1
1
1
1
1
1
1
1
1
1
1
1
1
1
1
1
1
1
1
1
1
1
1
1
1
1
1
1
1
1
1
1
1
1
1
1
1
1
1
1
1
1
1
1
1
1
1
1
1
1
1
1
1
1
1
1
1
1
1
1
1
1
1
1
1
1
1
1
1
1
1
1
1
1
1
1
1
1
1
1
1
1
1
1
1
1
1
1
1
1
1
1
1
1
1
1
1
1
1
1
1
1
1
1
1
1
1
1
1
1
1
1
1
1
1
1
1
1
1
1
1
1
1
1
1
1
1
1
1
1
1
1
1
1
1
1
1
1
1
1
1
1
1
1
1
1
1
1
1
1
1
1
1
1
1
1
1
1
1
1
1
1
1
1
1
1
1
1
1
1
1
1
1
1
1
1
1
1
1
1
1
1
1
1
1
1
1
1
1
1
1
1
1
1
1
1
1
1
1
1
1
1
1
1
1
1
1
1
1
1
1
1
1
1
1
1
1
1
1
1
1
1
1
1
1
1
1
1
1
1
1
1
1
1
1
1
1
1
1
1
1
1
1
1
1
1
1
1
1
1
1
1
1
1
1
1
1
1
1
1
1
1
1
1
1
1
1
1
1
1
1
1
1
1
1
1
1
1
1
1
1
1
1
1
1
1
1
1
1
1
1
1
1
1
1
1
1
1
1
1
1
1
1
1
1
1
1
1
1
1
1
1
1
1
1
1
1
1
1
1
1
1
1
1
1
1
1
1
1
1
1
1
1
1
1
1
1
1
1
1
1
1
1
1
1
1
1
1
1
1
1
1
1
1
1
1
1
1
1
1
1
1
1
1
1
1
1
1
1
1
1
1
1
1
1
1
1
1
1
1
1
1
1
1
1
1
1
1
1
1
1
1
1
1
1
1
1
1
1
1
1
1
1
1
1
1
1
1
1
1
1
1
1
1
1
1
1
1
1
1
1
1
1
1
1
1
1
1
1
1
1
1
1
1
1
1
1
1
1
1
1
1
1
1
1
1
1
1
1
1
1
1
1
1
1
1
1
1
1
1
1
1
1
1
1
1
1
1
1
1
1
1
1
1
1
1
1
1
1
1
1
1
1
1
1
1
1
1
1
1
1
1
1
1
1
1
1
1
1
1
1
1
1
1
1
1
1
1
1
1
1
1
1
1
1
1
1
1
1
1
1
1
1
1
1
1
1
1
1
1
1
1
1
1
1
1
1
1
1
1
1
1
1
1
1
1
1
1
1
1
1
1
1
1
1
1
1
1
1
1
1
1
1
1
1
1
1
1
1
1
1
1
1
1
1
1
1
1
1
1
1
1
1
1
1
1
1
1
1
1
1
1
1
1
1
1
1
1
1
1
1
1
1
1
1
1
1
1
1
1
1
1
1
1
1
1
1
1
1
1
1
1
1
1
1
1
1
1
1
1
1
1
1
1
1
1
1
1
1
1
1
1
1
1
1
1
1
1
1
1
1
1
1
1
1
1
1
1
1
1
1
1
1
1
1
1
1
1
1
1
1
1
1
1
1
1
1
1
1
1
1
1
1
1
1
1
1
1
1
1
1
1
1
1
1
1
1
1
1
1
1
1
1
1
1
1
1
1
1
1
1
1
1
1
1
1
1
1
1
1
1
1
1
1
1
1
1
1
1
1
1
1
1
1
1
1
1
1
1
1
1
1
1
1
1
1
1
1
1
1
1
1
1
1
1
1
1
1
1
1
1
1
1
1
1
1
1
1
1
1
1
1
1
1
1
1
1
1
1
1
1
1
1
1
1
1
1
1
1
1
1
1
1
1
1
1
1
1
1
1
1
1
1
1
1
1
1
1
1
1
1
1
1
1
1
1
1
1
1
1
1
1
1
1
1
1
1
1
1
1
1
1
1
1
1
1
1
1
1
1
1
1
1
1
1
1
1
1
1
1
1
1
1
1
1
1
1
1
1
1
1
1
1
1
1
1
1
1
1
1
1
1
1
1
1
1
1
1
1
1
1
1
1
1
1
1
1
1
1
1
1
1
1
1
1
1
1
1
1
1
1
1
1
1
1
1
1
1
1
1
1
1
1
1
1
1
1
1
1
1
1
1
1
1
1
1
1
1
1
1
1
1
1
1
1
1
1
1
1
1
1
1
1
1
1
1
1
1
1
1
1
1
1
1
1
1
1
1
1
1
1
1
1
1
1
1
1
1
1
1
1
1
1
1
1
1
1
1
1
1
1
1
1
1
1
1
1
1
1
1
1
1
1
1
1
1
1
1
1
1
1
1
1
1
1
1
1
1
1
1
1
1
1
1
1
1
1
1
1
1
1
1
1
1
1
1
1
1
1
1
1
1
1
1
1
1
1
1
1
1
1
1
1
1
1
1
1
1
1
1
1
1
1
1
1
1
1
1
1
1
1
1
1
1
1
1
1
1
1
1
1
1
1
1
1
1
1
1
1
1
1
1
1
1
1
1
1
1
1
1
1
1
1
1
1
1
1
1
1
1
1
1
1
1
1
1
1
1
1
1
1
1
1
1
1
1
1
1
1
1
1
1
1
1
1
1
1
1
1
1
1
1
1
1
1
1
1
1
1
1
1
1
1
1
1
1
1
1
1
1
1
1
1
1
1
1
1
1
1
1
1
1
1
1
1
1
1
1
1
1
1
1
1
1
1
1
1
1
1
1
1
1
1
1
1
1
1
1
1
1
1
1
1
1
1
1
1
1
1
1
1
1
1
1
1
1
1
1
1
1
1
1
1
1
1
1
1
1
1
1
1
1
1
1
1
1
1
1
1
1
1
1
1
1
1
1
1
1
1
1
1
1
1
1
1
1
1
1
1
1
1
1
1
1
1
1
1
1
1
1
1
1
1
1
1
1
1
1
1
1
1
1
1
1
1
1
1
1
1
1
1
1
1
1
1
1
1
1
1
1
1
1
1
1
1
1
1
1
1
1
1
1
1
1
1
1
1
1
1
1
1
1
1
1
1
1
1
1
1
1
1
1
1
1
1
1
1
1
1
1
1
1
1
1
1
1
1
1
1
1
1
1
1
1
1
1
1
1
1
1
1
1
1
1
1
1
1
1
1
1
1
1
1
1
1
1
1
1
1
1
1
1
1
1
1
1
1
1
1
1
1
1
1
1
1
1
1
1
1
1
1
1
1
1
1
1
1
1
1
1
1
1
1
1
1
1
1
1
1
1
1
1
1
1
1
1
1
1
1
1
1
1
1
1
1
1
1
1
1
1
1
1
1
1
1
1
1
1
1
1
1
1
1
1
1
1
1
1
1
1
1
1
1
1
1
1
1
1
1
1
1
1
1
1
1
1
1
1
1
1
1
1
1
1
1
1
1
1
1
1
1
1
1
1
1
1
1
1
1
1
1
1
1
1
1
1
1
1
1
1
1
1
1
1
1
1
1
1
1
1
1
1
1
1
1
1
1
1
1
1
1
1
1
1
1
1
1
1
1
1
1
1
1
1
1
1
1
1
1
1
1
1
1
1
1
1
1
1
1
1
1
1
1
1
1
1
1
1
1
1
1
1
1
1
1
1
1
1
1
1
1
1
1
1
1
1
1
1
1
1
1
1
1
1
1
1
1
1
1
34
-0.769866
0.386371
0.589381
-1.483660
0.418541
0.220392
0.026881
1.043883
-3.763908
3.726115
2.329720
6.732216
1.962738
-0.569069
0.236330
0.601542
-1.511242
0.430827
0.213238
0.020675
1.381507
-3.838316
3.789732
2.328901
6.844255
2.237659
-0.286033
0.054628
0.624654
-1.539455
0.435813
0.180890
0.009685
1.547017
-3.910587
3.850986
2.332424
6.924305
2.265487
0.022110
-0.129044
0.655225
-1.567887
0.434620
0.130801
-0.002805
1.531941
-3.980634
3.910050
2.339210
6.985206
2.074165
0.303474
-0.286561
0.684887
-1.595475
0.431557
0.072882
-0.013481
1.359064
-4.048520
3.967106
2.346316
7.042863
1.726035
0.517320
-0.395221
0.706616
-1.621184
0.430527
0.018312
-0.020761
1.075204
-4.114422
4.022292
2.351124
7.108274
1.299021
0.635038
-0.441980
0.718817
-1.644574
0.433273
-0.023516
-0.024398
0.739292
-4.178552
4.075678
2.352719
7.185273
0.865994
0.645536
-0.426843
0.724813
-1.665971
0.439316
-0.047819
-0.024427
0.408855
-4.241068
4.127284
2.351882
7.270341
0.480902
0.560865
-0.362553
0.729805
-1.686197
0.446718
-0.055201
-0.020945
0.128317
-4.302046
4.177120
2.350185
7.356225
0.173256
0.414375
-0.270049
0.737765
-1.706061
0.453500
-0.050331
-0.014631
-0.078160
-4.361490
4.225207
2.349083
7.437642
-0.050836
0.249824
-0.171921
0.749719
-1.725947
0.458845
-0.039620
-0.007033
-0.207850
-4.419381
4.271590
2.349296
7.513667
-0.203138
0.106873
-0.086581
0.764131
-1.745781
0.463127
-0.029047
-0.000079
-0.274884
-4.475719
4.316327
2.350690
7.585780
-0.304197
0.009940
-0.024673
0.778755
-1.765275
0.467058
-0.022535
0.004755
-0.301630
-4.530533
4.359482
2.352585
7.655310
-0.372430
-0.036542
0.012106
0.792243
-1.784187
0.471035
-0.020916
0.006907
-0.308809
-4.583866
4.401113
2.354429
7.722742
-0.415196
-0.046877
0.029929
0.804448
-1.802425
0.475086
-0.021815
0.006736
-0.307327
-4.635764
4.441275
2.355953
7.788117
-0.425129
-0.047790
0.039715
0.815815
-1.819999
0.479099
-0.020585
0.005259
-0.294262
-4.686266
4.480021
2.357190
7.851362
-0.382559
-0.068503
0.052719
0.826779
-1.836942
0.482963
-0.012043
0.003774
-0.254166
-4.735409
4.517402
2.358285
7.912394
-0.262983
-0.129920
0.076169
0.837523
-1.853280
0.486641
0.007567
0.003425
-0.165293
-4.783225
4.553470
2.359272
7.971662
-0.047440
-0.236214
0.110311
0.847883
-1.869047
0.490322
0.038956
0.004814
-0.008890
-4.829759
4.588273
2.359986
8.031033
0.267146
-0.371333
0.147733
0.857274
-1.884290
0.494603
0.078968
0.007790
0.221267
-4.875077
4.621846
2.360082
8.093733
0.660850
-0.501463
0.175180
0.864949
-1.899064
0.500310
0.120851
0.011480
0.512050
-4.919261
4.654210
2.359254
8.162126
1.089631
-0.583183
0.177436
0.870840
-1.913435
0.507752
0.155695
0.014495
0.829200
-4.962377
4.685370
2.357613
8.234190
1.491102
-0.576061
0.142263
0.876453
-1.927512
0.515851
0.174694
0.015253
1.121571
-5.004430
4.715329
2.356026
8.302019
1.795209
-0.456392
0.064866
0.884663
-1.941436
0.522148
0.171373
0.012510
1.330744
-5.045346
4.744118
2.356004
8.355841
1.936717
-0.226167
-0.049659
0.897787
-1.955282
0.524299
0.142935
0.006055
1.403882
-5.085013
4.771816
2.358640
8.391878
1.868761
0.087066
-0.186482
0.915041
-1.968904
0.522198
0.090929
-0.002976
1.306678
-5.123361
4.798545
2.363410
8.416486
1.576697
0.436615
-0.323169
0.931886
-1.981887
0.518617
0.021846
-0.012689
1.033107
-5.160445
4.824429
2.367948
8.442914
1.086383
0.763397
-0.433359
0.942506
-1.993712
0.517696
-0.053121
-0.021387
0.609305
-5.196452
4.849544
2.369382
8.484547
0.460190
1.003471
-0.492371
0.943778
-2.004090
0.522550
-0.120514
-0.027820
0.090357
-5.231872
4.768081
2.365880
8.462121
-0.225128
1.100604
-0.482152
0.928108
-2.055368
0.537817
-0.166964
-0.030705
-0.150906
-5.168917
4.605348
2.354571
8.018622
1.187404
-0.001970
-0.126150
1.011083
-1.986208
0.437537
0.206822
-0.061469
-0.147219
-5.029205
4.448175
2.374659
8.124080
-0.541115
-0.266666
0.035294
1.054931
-1.923078
0.475315
-0.133615
0.063391
-0.143735
-4.892914
4.296353
2.375448
7.964727
-0.058031
0.036382
-0.040016
1.014766
-1.861565
0.445809
0.037612
0.008710
-0.140344
-4.760352
4.149810
2.372162
7.797487
-0.133215
-0.021073
-0.001700
0.984781
-1.799653
0.438271
-0.016581
0.000900
-0.136590
-4.631351
4.008347
2.370111
7.648488
-0.099447
-0.047270
0.009848
0.956729
-1.739078
0.428685
0.007108
0.001790
-0.132968
-4.505815
3.871771
2.368097
7.492797
-0.218703
-0.030906
0.011812
0.929046
-1.680931
0.418284
-0.020117
0.007667
-0.129482
-4.383654
3.739914
2.365832
7.343250
-0.141019
-0.015044
0.009931
0.902469
-1.624782
0.408997
0.000610
0.001082
-0.126040
-4.264780
3.612609
2.363625
7.192390
-0.189062
-0.020429
0.016665
0.876445
-1.570665
0.399289
-0.013003
0.003103
-0.122665
-4.149107
3.489696
2.361425
7.044169
-0.172166
-0.014033
0.016455
0.851309
-1.518445
0.390100
-0.006345
0.001548
-0.119376
-4.036549
3.371021
2.359290
6.896785
-0.186196
-0.012420
0.018285
0.826869
-1.468087
0.380885
-0.010678
0.001859
-0.116165
-3.927024
3.256436
2.357212
6.751488
-0.178713
-0.009350
0.018475
0.803176
-1.419507
0.371978
-0.008387
0.001061
-0.113034
-3.820451
3.145797
2.355201
6.607562
-0.182595
-0.008278
0.019271
0.780160
-1.372648
0.363159
-0.009884
0.001097
-0.109981
-3.716752
3.038966
2.353259
6.465552
-0.179144
-0.006452
0.019248
0.757838
-1.327444
0.354562
-0.009139
0.000765
-0.107007
-3.615851
2.935809
2.351389
6.325266
-0.178399
-0.005452
0.019373
0.736165
-1.283837
0.346107
-0.009497
0.000677
-0.104110
-3.517673
2.836199
2.349586
6.186883
-0.175603
-0.004401
0.019217
0.715135
-1.241769
0.337834
-0.009225
0.000518
-0.101290
-3.422146
2.740010
2.347868
6.050393
-0.173292
-0.003662
0.019045
0.694722
-1.201184
0.329720
-0.009222
0.000435
-0.098544
-3.329199
2.647124
2.346211
5.915872
-0.170351
-0.002995
0.018763
0.674909
-1.162029
0.321775
-0.009049
0.000347
-0.095870
-3.238764
2.557426
2.344621
5.783340
-0.167410
-0.002480
0.018450
0.655678
-1.124253
0.313990
-0.008930
0.000286
-0.093269
-3.150773
2.470803
2.343099
5.652837
-0.164264
-0.002043
0.018092
0.637011
-1.087805
0.306366
-0.008765
0.000232
-0.090736
-3.065162
2.387150
2.341636
5.524387
-0.161064
-0.001691
0.017712
0.618891
-1.052638
0.298900
-0.008605
0.000190
-0.088272
-2.981866
2.306362
2.340237
5.398015
-0.157794
-0.001399
0.017314
0.601302
-1.018707
0.291591
-0.008433
0.000156
-0.085874
-2.900824
2.228340
2.338904
5.273739
-0.154498
-0.001160
0.016906
0.584227
-0.985966
0.284437
-0.008259
0.000128
-0.083541
-2.821975
2.152988
2.337629
5.151574
-0.151188
-0.000963
0.016492
0.567651
-0.954373
0.277435
-0.008082
0.000105
-0.081270
-2.745261
2.080213
2.336411
5.031529
-0.147882
-0.000801
0.016078
0.551560
-0.923887
0.270584
-0.007903
0.000087
-0.079061
-2.670624
2.009925
2.335247
4.913613
-0.144591
-0.000666
0.015664
0.535937
-0.894468
0.263881
-0.007725
0.000071
-0.076912
-2.598010
1.942039
2.334136
4.797829
-0.141325
-0.000556
0.015254
0.520770
-0.866079
0.257324
-0.007547
0.000059
-0.074821
-2.527362
1.876470
2.333076
4.684176
-0.138091
-0.000464
0.014850
0.506044
-0.838681
0.250912
-0.007370
0.000049
-0.072786
-2.458629
1.813138
2.332064
4.572654
-0.134896
-0.000387
0.014451
0.491746
-0.812241
0.244641
-0.007195
0.000041
-0.070807
-2.391760
1.751967
2.331098
4.463256
-0.131743
-0.000324
0.014061
0.477863
-0.786723
0.238511
-0.007022
0.000034
0.031950
-2.424339
1.757526
2.331119
5.158647
0.708224
-0.160940
0.105056
0.380512
-0.736497
0.344510
0.114555
-0.005911
0.196630
-2.534361
1.814324
2.323704
5.082503
0.585316
-0.194497
0.128414
0.331048
-0.760678
0.297420
0.046551
0.012544
0.325685
-2.641707
1.869196
2.325961
5.267806
0.743673
-0.110087
0.054743
0.365505
-0.781489
0.329242
0.071152
0.005277
0.417156
-2.746038
1.922127
2.328213
5.464000
0.862177
-0.056298
0.004071
0.388293
-0.804368
0.336128
0.063172
0.001985
0.472636
-2.847552
1.973172
2.329627
5.627633
0.896562
-0.012205
-0.035420
0.408711
-0.827078
0.344900
0.056629
0.000118
0.496174
-2.946308
2.022407
2.331400
5.791883
0.891457
0.025722
-0.067504
0.429997
-0.848692
0.354244
0.049600
-0.001328
0.493899
-3.042375
2.069896
2.333092
5.949739
0.858549
0.053496
-0.089552
0.450201
-0.869638
0.362811
0.042990
-0.002450
0.473223
-3.135832
2.115701
2.334675
6.102261
0.808500
0.069621
-0.101620
0.469638
-0.889832
0.371273
0.037417
-0.003028
0.441914
-3.226755
2.159880
2.336174
6.250362
0.753522
0.074698
-0.105028
0.488368
-0.909300
0.379561
0.033544
-0.003128
0.407190
-3.315218
2.202488
2.337570
6.394170
0.702936
0.070247
-0.101605
0.506469
-0.928095
0.387675
0.031491
-0.002834
0.374897
-3.401290
2.243578
2.338914
6.533844
0.662392
0.058853
-0.093648
0.524054
-0.946261
0.395611
0.031054
-0.002254
0.348871
-3.485041
2.283199
2.340226
6.669468
0.633521
0.043943
-0.083664
0.541187
-0.963838
0.403360
0.031689
-0.001519
0.330545
-3.566533
2.321400
2.341540
6.801106
0.613941
0.029369
-0.074060
0.557898
-0.980856
0.410918
0.032606
-0.000774
0.318842
-3.645828
2.358228
2.342855
6.928836
0.597638
0.018939
-0.066864
0.574191
-0.997335
0.418283
0.032859
-0.000153
0.310369
-3.722986
2.393728
2.344188
7.052728
0.575805
0.015954
-0.063499
0.590066
-1.013288
0.425453
0.031466
0.000232
0.299890
-3.798063
2.427946
2.345530
7.172842
0.538012
0.022789
-0.064631
0.605530
-1.028725
0.432420
0.027528
0.000309
0.281013
-3.871114
2.460925
2.346880
7.289248
0.473543
0.040574
-0.070090
0.620586
-1.043655
0.439182
0.020346
0.000051
0.247041
-3.942193
2.492710
2.348206
7.402084
0.372815
0.069011
-0.078903
0.635229
-1.058086
0.445753
0.009514
-0.000517
0.191864
-4.011353
2.523341
2.349484
7.511629
0.228689
0.106343
-0.089397
0.649425
-1.072029
0.452179
-0.005022
-0.001328
0.110821
-4.078648
2.552860
2.350680
7.618336
0.037568
0.149487
-0.099400
0.663117
-1.085497
0.458539
-0.022930
-0.002275
0.001419
-4.144134
2.581303
2.351759
7.722799
-0.199874
0.194296
-0.106483
0.676246
-1.098515
0.464933
-0.043509
-0.003231
-0.136164
-4.207870
2.608705
2.352689
7.825622
-0.478383
0.235963
-0.108255
0.688789
-1.111120
0.471452
-0.065740
-0.004058
-0.298850
-4.269913
2.635092
2.353481
7.927223
-0.788313
0.269519
-0.102643
0.700794
-1.123363
0.478137
-0.088380
-0.004621
-0.480736
-4.330321
2.660489
2.354180
8.027623
-1.116249
0.290398
-0.088159
0.712401
-1.135307
0.484946
-0.110072
-0.004805
-0.673472
-4.389144
2.684914
2.354890
8.126308
-1.446008
0.295009
-0.064094
0.723829
-1.147011
0.491738
-0.129468
-0.004526
-0.866899
-4.446426
2.708386
2.355770
8.222255
-1.759901
0.281201
-0.030633
0.735318
-1.158525
0.498290
-0.145339
-0.003754
-1.049893
-4.502197
2.730926
2.356954
8.314160
-2.040131
0.248538
0.011130
0.747056
-1.169862
0.504355
-0.156667
-0.002526
-1.211333
-4.556483
2.752559
2.358551
8.400806
-2.270241
0.198315
0.059264
0.759101
-1.180997
0.509726
-0.162719
-0.000948
-1.341079
-4.609299
2.773320
2.360608
8.481444
-2.436513
0.133362
0.111150
0.771339
-1.191857
0.514305
-0.163110
0.000820
-1.430883
-4.660662
2.793250
2.363026
8.556044
-2.529194
0.057715
0.163686
0.783506
-1.202338
0.518128
-0.157844
0.002600
-1.475125
-4.710593
2.812399
2.365611
8.625323
-2.543408
-0.023740
0.213539
0.795263
-1.212320
0.521358
-0.147336
0.004225
-1.471308
-4.759120
2.830820
2.368138
8.690566
-2.479603
-0.105629
0.257433
0.806293
-1.221696
0.524233
-0.132391
0.005571
-1.420251
-4.806280
2.848565
2.370332
8.753329
-2.343444
-0.182459
0.292454
0.816390
-1.230399
0.527014
-0.114127
0.006558
-1.325974
-4.852120
2.865681
2.371987
8.815137
-2.145177
-0.249048
0.316337
0.825500
-1.238419
0.529933
-0.093854
0.007146
-1.195275
-4.896690
2.882207
2.373023
8.877191
-1.898521
-0.301000
0.327699
0.833726
-1.245805
0.533148
-0.072931
0.007321
-1.037050
-4.940047
2.898173
2.373460
8.940181
-1.619272
-0.335184
0.326169
0.841291
-1.252659
0.536721
-0.052615
0.007085
-0.861430
-4.982244
2.913597
2.373414
9.004216
-1.323767
-0.350128
0.312412
0.848485
-1.259116
0.540623
-0.033933
0.006459
-0.678817
-5.023329
2.928489
2.373110
9.068884
-1.027407
-0.346242
0.288028
0.855597
-1.265318
0.544748
-0.017595
0.005484
-0.498926
-5.063343
2.942857
2.372753
9.133408
-0.743367
-0.325797
0.255357
0.862850
-1.271384
0.548949
-0.003960
0.004238
-0.329926
-5.102317
2.956704
2.372521
9.196915
-0.481593
-0.292640
0.217217
0.870358
-1.277398
0.553089
0.006965
0.002832
-0.177774
-5.140276
2.970038
2.372558
9.258656
-0.248173
-0.251709
0.176606
0.878113
-1.283398
0.557064
0.015489
0.001405
-0.045797
-5.177242
2.982864
2.372907
9.318156
-0.045094
-0.208413
0.136418
0.886005
-1.289381
0.560828
0.022171
0.000103
0.065426
-5.213233
2.995197
2.373542
9.375259
0.129578
-0.167998
0.099169
0.893874
-1.295316
0.564384
0.027747
-0.000945
0.157885
-5.248270
3.007048
2.374382
9.430063
0.281095
-0.134966
0.066777
0.901565
-1.301163
0.567764
0.033027
-0.001650
0.235682
-5.282374
3.018433
2.375347
9.482826
0.417086
-0.112602
0.040401
0.908968
-1.306880
0.571016
0.038799
-0.001968
0.304341
-5.315568
3.029369
2.376339
9.533859
0.546345
-0.102636
0.020357
0.916030
-1.312440
0.574186
0.045717
-0.001909
0.369984
-5.347878
3.039871
2.377296
9.583461
0.677508
-0.105063
0.006122
0.922746
-1.317829
0.577313
0.054213
-0.001529
0.438434
-5.379329
3.049953
2.378183
9.631901
0.817766
-0.118152
-0.003568
0.929136
-1.323050
0.580432
0.064434
-0.000919
0.514377
-5.409948
3.059628
2.378987
9.679399
0.971742
-0.138637
-0.010534
0.935229
-1.328113
0.583572
0.076206
-0.000198
0.600653
-5.439762
3.068908
2.379716
9.726109
1.140678
-0.162079
-0.016909
0.941056
-1.333037
0.586749
0.089038
0.000507
0.697758
-5.468794
3.077801
2.380392
9.772069
1.322004
-0.183371
-0.024865
0.946660
-1.337842
0.589960
0.102160
0.001070
0.803624
-5.497069
3.086318
2.381054
9.817155
1.509350
-0.197330
-0.036327
0.952101
-1.342547
0.593164
0.114596
0.001383
0.913696
-5.524607
3.094465
2.381760
9.861040
1.692994
-0.199307
-0.052725
0.957462
-1.347165
0.596282
0.125260
0.001370
1.021298
-5.551422
3.102252
2.382575
9.903227
1.860697
-0.185746
-0.074791
0.962834
-1.351700
0.599200
0.133057
0.000997
1.118258
-5.577525
3.109691
2.383560
9.943153
1.998859
-0.154616
-0.102445
0.968286
-1.356135
0.601803
0.136996
0.000275
1.195721
-5.602923
3.116799
2.384745
9.980364
2.093880
-0.105663
-0.134761
0.973828
-1.360438
0.604001
0.136295
-0.000732
1.245077
-5.627620
3.123595
2.386109
10.014693
2.133606
-0.040486
-0.170023
0.979397
-1.364553
0.605773
0.130475
-0.001927
1.258889
-5.651620
3.130107
2.387563
10.046387
2.108714
0.037579
-0.205867
0.984850
-1.368414
0.607177
0.119429
-0.003189
1.231743
-5.674933
3.136361
2.388952
10.076124
2.013865
0.123707
-0.239500
0.990005
-1.371954
0.608352
0.103467
-0.004393
1.160911
-5.697575
3.142388
2.390113
10.104904
1.848483
0.211965
-0.267968
0.994687
-1.375126
0.609492
0.083307
-0.005430
1.046765
-5.719569
3.148214
2.390873
10.133855
1.617046
0.295806
-0.288471
0.998785
-1.377914
0.610800
0.060021
-0.006205
0.892893
-5.740948
3.153856
2.391129
10.163985
1.328854
0.368662
-0.298673
1.002292
-1.380347
0.612444
0.034931
-0.006648
0.705905
-5.761747
3.159325
2.390877
10.195937
0.997305
0.424599
-0.296966
1.005319
-1.382502
0.614515
0.009475
-0.006704
0.494932
-5.782005
3.164623
2.390217
10.229804
0.638793
0.458975
-0.282669
1.008083
-1.384490
0.616997
-0.014934
-0.006342
0.270897
-5.801753
3.169741
2.389346
10.265070
0.271359
0.468992
-0.256107
1.010860
-1.386437
0.619765
-0.037031
-0.005552
0.045587
-5.821017
3.174668
2.388493
10.300713
-0.086744
0.454044
-0.218587
1.013923
-1.388459
0.622617
-0.055797
-0.004367
-0.169329
-5.839812
3.179392
2.387909
10.335458
-0.418471
0.415787
-0.172271
1.017459
-1.390636
0.625325
-0.070515
-0.002866
-0.363288
-5.858142
3.183903
2.387779
10.368125
-0.709270
0.357896
-0.119972
1.021521
-1.392996
0.627699
-0.080800
-0.001180
-0.527690
-5.876004
3.188200
2.388179
10.397916
-0.948180
0.285607
-0.064906
1.025999
-1.395513
0.629633
-0.086611
0.000531
-0.656563
-5.893396
3.192285
2.389064
10.424616
-1.128611
0.205117
-0.010425
1.030668
-1.398117
0.631132
-0.088245
0.002099
-0.746956
-5.910314
3.196172
2.390285
10.448550
-1.248721
0.122966
0.040264
1.035255
-1.400712
0.632282
-0.086305
0.003385
-0.799035
-5.926762
3.199874
2.391642
10.470423
-1.311308
0.045438
0.084369
1.039526
-1.403205
0.633220
-0.081635
0.004290
-0.815869
-5.942748
3.203410
2.392940
10.491074
-1.323209
-0.021998
0.119765
1.043343
-1.405522
0.634084
-0.075219
0.004771
-0.802930
-5.958288
3.206796
2.394034
10.511256
-1.294298
-0.075173
0.145176
1.046683
-1.407626
0.634984
-0.068065
0.004831
-0.767368
-5.973398
3.210044
2.394848
10.531495
-1.236187
-0.111614
0.160279
1.049617
-1.409514
0.635982
-0.061081
0.004511
-0.717143
-5.988097
3.213166
2.395400
10.552039
-1.160826
-0.130771
0.165694
1.052269
-1.411213
0.637096
-0.054971
0.003886
-0.660097
-6.002403
3.216166
2.395741
10.572890
-1.079110
-0.134042
0.162874
1.054767
-1.412769
0.638309
-0.050161
0.003050
-0.603075
-6.016331
3.219050
2.395948
10.593897
-0.999691
-0.124586
0.153900
1.057207
-1.414227
0.639588
-0.046757
0.002115
-0.551192
-6.029893
3.221820
2.396094
10.614849
-0.928075
-0.106921
0.141220
1.059643
-1.415628
0.640900
-0.044549
0.001199
-0.507306
-6.043099
3.224478
2.396237
10.635551
-0.866105
-0.086369
0.127355
1.062085
-1.416995
0.642219
-0.043045
0.000413
-0.471775
-6.055960
3.227026
2.396405
10.655845
-0.811894
-0.068424
0.114615
1.064522
-1.418342
0.643521
-0.041535
-0.000148
-0.442505
-6.068481
3.229467
2.396606
10.675620
-0.760186
-0.058092
0.104835
1.066936
-1.419666
0.644789
-0.039190
-0.000417
-0.415289
-6.080670
3.231806
2.396838
10.694792
-0.703136
-0.059300
0.099175
1.069313
-1.420961
0.646008
-0.035162
-0.000365
-0.384399
-6.092534
3.234045
2.397090
10.713323
-0.631399
-0.074422
0.097999
1.071645
-1.422219
0.647169
-0.028696
-0.000003
-0.343369
-6.104078
3.236191
2.397345
10.731251
-0.535427
-0.103974
0.100835
1.073914
-1.423429
0.648281
-0.019238
0.000619
-0.285867
-6.115310
3.238249
2.397576
10.748721
-0.406819
-0.146511
0.106443
1.076084
-1.424585
0.649379
-0.006512
0.001417
-0.206587
-6.126241
3.240222
2.397743
10.766013
-0.239591
-0.198735
0.112957
1.078103
-1.425684
0.650526
0.009420
0.002285
-0.102039
-6.136881
3.242115
2.397804
10.783502
-0.031195
-0.255800
0.118109
1.079912
-1.426734
0.651801
0.028138
0.003107
0.028843
-6.147247
3.243927
2.397722
10.801567
0.216801
-0.311790
0.119505
1.081479
-1.427753
0.653280
0.048886
0.003765
0.090879
-6.157519
3.180918
2.396617
10.762650
-0.277789
0.017477
0.024061
1.076930
-1.454382
0.656575
-0.061099
0.014106
0.088663
-6.069904
3.068782
2.398042
10.193259
0.318106
0.058861
-0.015211
1.155314
-1.408953
0.562016
0.060837
-0.023831
0.086456
-5.906183
2.960692
2.409368
10.226532
0.055033
-0.031843
0.001286
1.189518
-1.361449
0.592240
-0.019923
0.000498
0.084199
-5.746559
2.856397
2.405679
10.007337
0.160620
0.006849
-0.015657
1.147061
-1.319150
0.560916
0.019353
-0.000644
0.081887
-5.591291
2.755882
2.400276
9.778890
0.091393
0.010262
-0.014232
1.114416
-1.273706
0.548859
-0.003900
0.001274
0.079690
-5.440147
2.659004
2.396864
9.573713
0.174088
0.002702
-0.013819
1.084450
-1.229462
0.535598
0.017495
-0.002860
0.077564
-5.293038
2.565609
2.393126
9.367734
0.098229
-0.001327
-0.011587
1.054116
-1.187241
0.522288
-0.001402
0.001495
0.075475
-5.149867
2.475574
2.389504
9.162342
0.146110
0.004637
-0.014445
1.024800
-1.146455
0.509108
0.012358
-0.001226
0.073440
-5.010528
2.388776
2.386048
8.961182
0.113915
0.000670
-0.012435
0.996392
-1.107233
0.496538
0.003129
0.000404
0.071462
-4.874920
2.305094
2.382718
8.761846
0.131863
0.002247
-0.013340
0.968717
-1.069470
0.484018
0.009063
-0.000631
0.069534
-4.742946
2.224414
2.379512
8.565826
0.116285
0.000809
-0.012469
0.941838
-1.033128
0.471938
0.004938
0.000153
0.067656
-4.614511
2.146625
2.376432
8.372318
0.122783
0.001633
-0.012794
0.915694
-0.998137
0.460035
0.007449
-0.000329
0.065828
-4.489522
2.071621
2.373473
8.181954
0.115385
0.000778
-0.012218
0.890290
-0.964455
0.448470
0.005704
-0.000006
0.064048
-4.367888
1.999299
2.370633
7.994437
0.116083
0.001052
-0.012199
0.865586
-0.932027
0.437132
0.006554
-0.000166
0.062315
-4.249521
1.929560
2.367908
7.810016
0.112087
0.000685
-0.011826
0.841576
-0.900808
0.426082
0.005866
-0.000049
0.060628
-4.134335
1.862311
2.365297
7.628612
0.110687
0.000716
-0.011644
0.818234
-0.870749
0.415275
0.006058
-0.000095
0.058986
-4.022246
1.797459
2.362796
7.450318
0.107845
0.000538
-0.011340
0.795544
-0.841808
0.404728
0.005753
-0.000052
0.057388
-3.913173
1.734917
2.360399
7.275121
0.105755
0.000498
-0.011098
0.773486
-0.813940
0.394425
0.005717
-0.000059
0.055832
-3.807035
1.674600
2.358105
7.103055
0.103289
0.000403
-0.010819
0.752045
-0.787105
0.384367
0.005539
-0.000042
0.054318
-3.703756
1.616428
2.355911
6.934123
0.101024
0.000352
-0.010558
0.731201
-0.761265
0.374546
0.005434
-0.000039
0.052845
-3.603259
1.560322
2.353813
6.768331
0.098689
0.000294
-0.010290
0.710940
-0.736380
0.364958
0.005293
-0.000031
0.051411
-3.505470
1.506206
2.351806
6.605678
0.096419
0.000251
-0.010028
0.691244
-0.712414
0.355599
0.005171
-0.000027
0.050016
-3.410319
1.454008
2.349892
6.446159
0.094158
0.000211
-0.009767
0.672097
-0.689334
0.346464
0.005043
-0.000022
0.048659
-3.317735
1.403658
2.348062
6.289764
0.091935
0.000179
-0.009511
0.653484
-0.667104
0.337548
0.004920
-0.000019
0.047338
-3.227649
1.355089
2.346315
6.136480
0.089742
0.000151
-0.009259
0.635391
-0.645693
0.328848
0.004797
-0.000016
0.046052
-3.139995
1.308237
2.344649
5.986289
0.087586
0.000127
-0.009013
0.617802
-0.625069
0.320357
0.004678
-0.000013
0.044801
-3.054709
1.263039
2.343059
5.839171
0.085466
0.000107
-0.008771
0.600704
-0.605204
0.312073
0.004560
-0.000011
0.043585
-2.971727
1.219435
2.341543
5.695101
0.083384
0.000091
-0.008534
0.584083
-0.586068
0.303990
0.004444
-0.000009
0.042400
-2.890988
1.177368
2.340098
5.554054
0.081340
0.000077
-0.008303
0.567925
-0.567633
0.296105
0.004331
-0.000008
0.041248
-2.812432
1.136782
2.338722
5.416000
0.079336
0.000065
-0.008078
0.552218
-0.549873
0.288413
0.004220
-0.000007
0.040127
-2.736001
1.097623
2.337410
5.280908
0.077372
0.000055
-0.007858
0.536948
-0.532763
0.280910
0.004112
-0.000006
0.039037
-2.661638
1.059840
2.336159
5.148745
0.075447
0.000046
-0.007643
0.522104
-0.516278
0.273593
0.004006
-0.000005
0.037976
-2.589288
1.023383
2.334969
5.019476
0.073563
0.000039
-0.007434
0.507674
-0.500395
0.266456
0.003902
-0.000004
0.036943
-2.518896
0.988205
2.333837
4.893064
0.071718
0.000033
-0.007230
0.493645
-0.485091
0.259496
0.003801
-0.000003
0.035939
-2.450411
0.954260
2.332759
4.769470
0.069913
0.000028
-0.007032
0.480008
-0.470344
0.252709
0.003702
-0.000003
0.034962
-2.383780
0.921503
2.331733
4.648657
0.068148
0.000024
-0.006839
0.466750
-0.456133
0.246092
0.003606
-0.000002
0.034011
-2.318956
0.889891
2.330757
4.530582
0.066421
0.000021
-0.006651
0.453861
-0.442439
0.239640
0.003512
-0.000002
0.033086
-2.255888
0.859384
2.329829
4.415205
0.064733
0.000018
-0.006468
0.441331
-0.429241
0.233350
0.003420
-0.000002
0.032186
-2.194530
0.829943
2.328946
4.302483
0.063084
0.000015
-0.006290
0.429150
-0.416522
0.227218
0.003331
-0.000001
0.031311
-2.134835
0.801528
2.328099
4.192372
0.061472
0.000013
-0.006117
0.417308
-0.404263
0.221240
0.003243
-0.000001
0.030459
-2.076760
0.774104
2.327304
4.084831
0.059897
0.000011
-0.005949
0.405795
-0.392447
0.215414
0.003158
-0.000001
0.029630
-2.020260
0.747634
2.326555
3.979814
0.058359
0.000010
-0.005785
0.394602
-0.381058
0.209735
0.003075
-0.000001
0.028824
-1.965293
0.722086
2.325835
3.877277
0.056857
0.000008
-0.005626
0.383721
-0.370079
0.204200
0.002994
-0.000001
0.028040
-1.911818
0.697426
2.325142
3.777176
0.055390
0.000007
-0.005471
0.373142
-0.359496
0.198805
0.002915
-0.000001
0.027277
-1.859794
0.673622
2.324496
3.679466
0.053958
0.000006
-0.005321
0.362857
-0.349294
0.193549
0.002838
-0.000001
0.026534
-1.809183
0.650644
2.323879
3.584102
0.052560
0.000005
-0.005174
0.352858
-0.339458
0.188426
0.002763
-0.000000
0.025812
-1.759946
0.628463
2.323288
3.491040
0.051196
0.000005
-0.005032
0.343136
-0.329976
0.183435
0.002690
-0.000000
0.025110
-1.712046
0.607050
2.322731
3.400234
0.049865
0.000004
-0.004893
0.333684
-0.320833
0.178571
0.002619
-0.000000
0.024426
-1.665448
0.586379
2.322200
3.311640
0.048566
0.000004
-0.004759
0.324495
-0.312018
0.173833
0.002549
-0.000000
0.023761
-1.620115
0.566422
2.321698
3.225214
0.047299
0.000003
-0.004628
0.315561
-0.303518
0.169216
0.002481
-0.000000
0.023115
-1.576014
0.547156
2.321222
3.140911
0.046063
0.000003
-0.004500
0.306875
-0.295322
0.164718
0.002416
-0.000000
0.022485
-1.533111
0.528555
2.320772
3.058688
0.044858
0.000002
-0.004376
0.298429
-0.287418
0.160337
0.002351
-0.000000
0.021873
-1.491375
0.510595
2.320342
2.978501
0.043682
0.000002
-0.004256
0.290218
-0.279796
0.156069
0.002289
-0.000000
0.021278
-1.450773
0.493255
2.319934
2.900307
0.042536
0.000002
-0.004139
0.282235
-0.272446
0.151911
0.002228
-0.000000
0.020698
-1.411274
0.476513
2.319549
2.824064
0.041418
0.000002
-0.004025
0.274472
-0.265357
0.147862
0.002168
-0.000000
0.020135
-1.372850
0.460347
2.319184
2.749729
0.040327
0.000002
-0.003915
0.266925
-0.258519
0.143917
0.002111
-0.000000
0.019587
-1.335470
0.444737
2.318836
2.677261
0.039265
0.000001
-0.003807
0.259587
-0.251924
0.140076
0.002054
-0.000000
0.019053
-1.299107
0.429664
2.318507
2.606618
0.038229
0.000001
-0.003702
0.252452
-0.245563
0.136334
0.001999
-0.000000
0.018535
-1.263732
0.415108
2.318199
2.537760
0.037219
0.000001
-0.003601
0.245514
-0.239427
0.132690
0.001946
-0.000000
0.018030
-1.229320
0.401053
2.317903
2.470647
0.036235
0.000001
-0.003502
0.238769
-0.233508
0.129141
0.001894
-0.000000
0.017539
-1.195844
0.387480
2.317622
2.405238
0.035276
0.000001
-0.003406
0.232210
-0.227798
0.125686
0.001843
-0.000000
