0.408775
0.408775
0.408775
0.408775
0.391483
0.391843
0.392566
0.392206
0.403882
0.405352
0.401880
0.404817
0.404286
0.403456
0.404807
0.403559
0.404622
0.409120
0.404639
0.409375
0.408583
0.411558
0.408691
0.411352
0.406319
0.412195
0.406355
0.412355
0.410314
0.406553
0.410479
0.406304
0.413743
0.402725
0.413668
0.402679
0.409875
0.408343
0.409585
0.408392
0.415263
0.404540
0.415869
0.404341
0.407654
0.413883
0.406916
0.414080
0.412790
0.407177
0.413574
0.407197
0.408187
0.412597
0.407512
0.412557
0.409222
0.409308
0.409584
0.409381
0.408027
0.410617
0.407845
0.410539
0.408561
0.409847
0.408653
0.409847
0.409107
0.409444
0.409126
0.409421
0.409846
0.408815
0.409891
0.408805
0.410181
0.408549
0.410202
0.408539
0.409666
0.409068
0.409656
0.409055
0.408387
0.410371
0.408345
0.410339
0.408184
0.410950
0.408171
0.410872
0.408453
0.411697
0.408380
0.411612
0.409438
0.412109
0.409369
0.412057
0.410498
0.412617
0.410436
0.412609
0.410464
0.413652
0.410393
0.413708
0.408795
0.414798
0.408800
0.414850
0.407336
0.414014
0.407414
0.414000
0.417655
0.400480
0.418153
0.400401
0.406905
0.411589
0.405781
0.411504
0.424961
0.395949
0.426876
0.395750
0.399720
0.425469
0.396685
0.425333
0.427075
0.395758
0.431082
0.397058
0.410899
0.432499
0.406671
0.431200
0.417858
0.410231
0.420607
0.412077
0.417488
0.406403
0.416350
0.405577
0.408179
0.411206
0.408154
0.411055
0.400198
0.414768
0.400188
0.414853
0.408817
0.408279
0.409429
0.408196
0.401777
0.418760
0.400696
0.418624
0.415671
0.405592
0.416916
0.405744
0.405685
0.415136
0.404365
0.415302
0.413728
0.407511
0.414798
0.407339
0.408914
0.409889
0.408314
0.410083
0.410665
0.407837
0.410962
0.407697
0.409986
0.408391
0.409860
0.408415
0.409637
0.408812
0.409629
0.408788
0.409015
0.409592
0.408969
0.409587
0.408651
0.410010
0.408629
0.410003
0.408920
0.409745
0.408922
0.409736
0.409979
0.408696
0.410015
0.408669
0.410704
0.408288
0.410725
0.408223
0.411288
0.408558
0.411338
0.408473
0.411912
0.409184
0.411992
0.409128
0.412323
0.410261
0.412371
0.410239
0.413398
0.410193
0.413480
0.410238
0.414554
0.408826
0.414564
0.408870
0.414166
0.407302
0.414130
0.407288
0.402200
0.416724
0.401739
0.416679
0.426060
0.426175
0.426848
0.425988
0.417041
0.437855
0.415717
0.436834
0.418960
0.413791
0.420544
0.415685
0.415493
0.411231
0.414285
0.410604
0.412251
0.411581
0.412806
0.411560
0.410874
0.409938
0.410728
0.409957
0.410042
0.409604
0.410045
0.409574
0.409570
0.409256
0.409573
0.409248
0.409296
0.409054
0.409289
0.409049
0.409121
0.408930
0.409120
0.408927
0.409012
0.408854
0.409010
0.408852
0.408941
0.408809
0.408940
0.408807
0.408894
0.408782
0.408893
0.408781
0.408863
0.408767
0.408862
0.408767
0.408841
0.408760
0.408841
0.408759
0.408826
0.408756
0.408826
0.408756
0.408815
0.408755
0.408815
0.408755
0.408808
0.408755
0.408808
0.408755
0.408802
0.408756
0.408802
0.408756
0.408797
0.408758
0.408797
0.408758
0.408794
0.408759
0.408794
0.408759
0.408791
0.408761
0.408791
0.408761
0.408789
0.408762
0.408789
0.408762
0.408787
0.408763
0.408787
0.408763
0.408786
0.408765
0.408786
0.408765
0.408785
0.408766
0.408785
0.408766
0.408784
0.408767
0.408784
0.408767
0.408783
0.408767
0.408783
0.408767
0.408782
0.408768
0.408782
0.408768
0.408781
0.408769
0.408781
0.408769
0.398724
0.398345
0.398337
0.398694
0.403789
0.403131
0.404503
0.402562
0.405039
0.404971
0.404812
0.405128
0.406904
0.405884
0.406911
0.405922
0.407839
0.407833
0.407809
0.407807
0.408469
0.408220
0.408477
0.408242
0.408387
0.408886
0.408364
0.408865
0.408461
0.409083
0.408469
0.409082
0.408392
0.409350
0.408386
0.409336
0.408488
0.409393
0.408494
0.409386
0.408599
0.409401
0.408600
0.409392
0.408779
0.409303
0.408785
0.409297
0.408952
0.409180
0.408958
0.409174
0.409128
0.409026
0.409137
0.409019
0.409277
0.408883
0.409286
0.408875
0.409396
0.408766
0.409405
0.408757
0.409469
0.408698
0.409477
0.408688
0.409489
0.408685
0.409495
0.408675
0.409442
0.408735
0.409446
0.408725
0.409324
0.408854
0.409324
0.408844
0.409145
0.409040
0.409142
0.409027
0.408954
0.409263
0.408948
0.409247
0.408820
0.409476
0.408813
0.409457
0.408793
0.409647
0.408783
0.409625
0.408870
0.409769
0.408858
0.409748
0.409018
0.409853
0.409005
0.409834
0.409184
0.409909
0.409170
0.409894
0.409314
0.409941
0.409301
0.409932
0.409366
0.409944
0.409355
0.409939
0.409322
0.409908
0.409314
0.409906
0.409200
0.409817
0.409196
0.409817
0.409067
0.409645
0.409066
0.409644
0.409037
0.409344
0.409040
0.409338
0.409217
0.408887
0.409221
0.408876
0.409556
0.408395
0.409558
0.408379
0.409829
0.408129
0.409827
0.408110
0.409930
0.408171
0.409928
0.408150
0.409907
0.408405
0.409910
0.408387
0.409811
0.408720
0.409814
0.408708
0.409700
0.409003
0.409703
0.408995
0.409579
0.409209
0.409581
0.409203
0.409444
0.409326
0.409444
0.409321
0.409285
0.409383
0.409283
0.409378
0.409106
0.409412
0.409103
0.409405
0.408925
0.409436
0.408922
0.409428
0.408774
0.409459
0.408773
0.409449
0.408684
0.409466
0.408684
0.409456
0.408672
0.409441
0.408675
0.409431
0.408739
0.409376
0.408744
0.409366
0.408869
0.409274
0.408877
0.409264
0.409037
0.409156
0.409047
0.409145
0.409216
0.409048
0.409228
0.409036
0.409381
0.408971
0.409395
0.408959
0.409519
0.408934
0.409533
0.408922
0.409623
0.408928
0.409637
0.408917
0.409693
0.408930
0.409705
0.408921
0.409725
0.408918
0.409735
0.408912
0.409708
0.408888
0.409715
0.408883
0.409611
0.408871
0.409614
0.408865
0.409381
0.408943
0.409381
0.408934
0.408992
0.409180
0.408989
0.409167
0.408554
0.409531
0.408552
0.409512
0.408305
0.409813
0.408305
0.409789
0.408330
0.409952
0.408328
0.409926
0.408548
0.409992
0.408542
0.409968
0.408869
0.409969
0.408861
0.409950
0.409174
0.409941
0.409164
0.409928
0.409398
0.409906
0.409388
0.409898
0.409499
0.409855
0.409491
0.409850
0.409490
0.409762
0.409485
0.409760
0.409404
0.409616
0.409403
0.409615
0.409308
0.409407
0.409309
0.409404
0.409267
0.409136
0.409269
0.409131
0.409320
0.408830
0.409322
0.408821
0.409441
0.408556
0.409441
0.408544
0.409552
0.408395
0.409551
0.408383
0.409594
0.408384
0.409591
0.408372
0.409555
0.408492
0.409552
0.408482
0.409453
0.408667
0.409449
0.408659
0.409310
0.408861
0.409304
0.408854
0.409146
0.409047
0.409139
0.409041
0.408980
0.409211
0.408972
0.409204
0.408835
0.409344
0.408826
0.409336
0.408731
0.409437
0.408723
0.409428
0.408684
0.409479
0.408678
0.409470
0.408701
0.409461
0.408698
0.409452
0.408788
0.409376
0.408788
0.409367
0.408942
0.409230
0.408945
0.409220
0.409143
0.409055
0.409149
0.409042
0.424565
0.414969
0.425010
0.414889
0.413069
0.421588
0.412145
0.421337
0.413090
0.411726
0.413967
0.412383
0.411478
0.411412
0.410935
0.411094
0.410153
0.410370
0.410366
0.410425
0.409706
0.409735
0.409668
0.409717
0.409338
0.409384
0.409339
0.409373
0.409123
0.409159
0.409128
0.409156
0.408993
0.409021
0.408993
0.409017
0.408909
0.408933
0.408910
0.408931
0.408857
0.408878
0.408858
0.408876
0.408825
0.408842
0.408825
0.408842
0.408804
0.408820
0.408805
0.408819
0.408792
0.408805
0.408792
0.408805
0.408784
0.408796
0.408784
0.408796
0.408779
0.408790
0.408779
0.408790
0.408776
0.408786
0.408776
0.408786
0.408775
0.408783
0.408775
0.408783
0.408774
0.408781
0.408774
0.408781
0.408773
0.408780
0.408773
0.408780
0.408773
0.408779
0.408773
0.408779
0.408773
0.408778
0.408773
0.408778
0.408773
0.408778
0.408773
0.408778
0.408773
0.408778
0.408773
0.408778
0.408773
0.408777
0.408773
0.408777
0.408773
0.408777
0.408773
0.408777
0.408773
0.408777
0.408773
0.408777
0.408773
0.408777
0.408773
0.408777
0.408774
0.408776
0.408774
0.408776
0.408774
0.408776
0.408774
0.408776
0.408774
0.408776
0.408774
0.408776
0.408774
0.408776
0.408774
0.408776
0.408774
0.408776
0.408774
0.408776
0.408774
0.408776
0.408774
0.408776
0.408774
0.408776
0.408774
0.408776
0.408774
0.408776
0.408774
0.408776
0.408774
0.408776
0.408774
0.408776
0.408774
0.408776
0.408774
0.408776
0.408774
0.408776
0.408774
0.408776
0.408774
0.408776
0.408774
0.408776
0.408775
0.408775
0.408775
0.408775
0.408775
0.408775
0.408775
0.408775
0.408775
0.408775
0.408775
0.408775
0.408775
0.408775
0.408775
0.408775
0.408775
0.408775
0.408775
0.408775
0.408775
0.408775
0.408775
0.408775
0.408775
0.408775
0.408775
0.408775
0.408775
0.408775
0.408775
0.408775
0.408775
0.408775
0.408775
0.408775
0.408775
0.408775
0.408775
0.408775
0.408775
0.408775
0.408775
0.408775
0.408775
0.408775
0.408775
0.408775
0.408775
0.408775
0.408775
0.408775
0.408775
0.408775
0.408775
0.408775
0.408775
0.408775
0.408775
0.408775
0.408775
0.408775
0.408775
0.408775
0.408775
0.408775
0.408775
0.408775
0.408775
0.408775
0.408775
0.408775
0.408775
0.408775
0.408775
0.408775
0.408775
0.408775
0.408775
0.408775
0.408775
0.408775
0.408775
0.408775
